6 0.3921875 0.24375 0.01015625 0.03125
2 0.1203125 0.50546875 0.00546875 0.01015625
5 0.50078125 0.38984375 0.01796875 0.04453125
5 0.18828125 0.42109375 0.01796875 0.0546875
5 0.86015625 0.45546875 0.01328125 0.059375
5 0.165625 0.47109375 0.02421875 0.053125
5 0.31328125 0.4078125 0.01796875 0.04921875
5 0.83671875 0.63203125 0.01640625 0.07421875
5 0.553125 0.31875 0.01640625 0.0359375
5 0.32890625 0.3484375 0.01796875 0.0390625
5 0.734375 0.4109375 0.0140625 0.0546875
5 0.54375 0.44296875 0.01953125 0.05390625
5 0.63515625 0.3546875 0.01796875 0.04609375
5 0.20078125 0.47109375 0.02421875 0.05703125
5 0.48046875 0.44921875 0.015625 0.05078125
6 0.36640625 0.4859375 0.02421875 0.05546875
5 0.68203125 0.4625 0.0125 0.05625
5 0.5546875 0.515625 0.01796875 0.05703125
5 0.65859375 0.60546875 0.02109375 0.06328125
5 0.70859375 0.49140625 0.01796875 0.06015625
5 0.19453125 0.5515625 0.01640625 0.065625
5 0.175 0.56875 0.02109375 0.06484375
5 0.6640625 0.53359375 0.02265625 0.05625