6 0.584375 0.25625 0.0078125 0.0296875
5 0.7703125 0.41328125 0.01640625 0.05859375
5 0.83125 0.47890625 0.01640625 0.040625
5 0.525 0.37734375 0.01171875 0.04140625
4 0.846875 0.3796875 0.015625 0.04140625
5 0.68671875 0.37109375 0.01640625 0.0390625
5 0.5140625 0.33125 0.0140625 0.03984375
5 0.671875 0.41171875 0.0125 0.04609375
6 0.66796875 0.46328125 0.009375 0.0515625
5 0.403125 0.36875 0.01328125 0.05390625
5 0.784375 0.440625 0.0125 0.0484375
5 0.140625 0.47109375 0.01171875 0.0515625
5 0.52734375 0.48515625 0.01015625 0.05546875
5 0.1703125 0.42890625 0.01171875 0.0515625
6 0.06328125 0.8171875 0.01640625 0.084375
5 0.60625 0.428125 0.0140625 0.04375
5 0.49453125 0.4265625 0.01640625 0.05
5 0.209375 0.48515625 0.0109375 0.05390625
5 0.38984375 0.575 0.0140625 0.059375
5 0.415625 0.46953125 0.0171875 0.05390625
5 0.25 0.471875 0.01484375 0.05390625
5 0.19140625 0.590625 0.01484375 0.06796875
2 0.82109375 0.49921875 0.0046875 0.00859375
5 0.83125 0.46953125 0.0234375 0.04140625