5 0.19453125 0.5484375 0.01328125 0.040625
5 0.20390625 0.54609375 0.01640625 0.0390625
5 0.26640625 0.5015625 0.01484375 0.04296875
5 0.36875 0.44765625 0.0078125 0.034375
4 0.18984375 0.45703125 0.01640625 0.034375
5 0.35234375 0.428125 0.00859375 0.03671875
6 0.41171875 0.48203125 0.015625 0.03828125
5 0.29140625 0.4734375 0.0109375 0.0359375
5 0.46953125 0.54375 0.0109375 0.0453125
5 0.44453125 0.48671875 0.00859375 0.03984375
5 0.68984375 0.4484375 0.0078125 0.03984375
5 0.328125 0.5140625 0.0171875 0.04609375
5 0.83203125 0.54296875 0.01171875 0.04921875
5 0.43359375 0.55546875 0.01328125 0.04921875
5 0.30234375 0.56640625 0.01640625 0.04921875
5 0.5671875 0.5890625 0.009375 0.05078125
5 0.90234375 0.69609375 0.0109375 0.0640625
5 0.8234375 0.57421875 0.0125 0.05078125
5 0.87109375 0.5515625 0.0109375 0.04921875
5 0.73671875 0.70859375 0.01484375 0.05625
5 0.5953125 0.59921875 0.0140625 0.05078125
5 0.890625 0.7140625 0.02109375 0.06640625
6 0.4703125 0.3390625 0.0078125 0.0234375