5 0.80546875 0.5484375 0.01328125 0.040625
5 0.79609375 0.54609375 0.01640625 0.0390625
5 0.73359375 0.5015625 0.01484375 0.04296875
5 0.63125 0.44765625 0.0078125 0.034375
4 0.81015625 0.45703125 0.01640625 0.034375
5 0.64765625 0.428125 0.00859375 0.03671875
6 0.58828125 0.48203125 0.015625 0.03828125
5 0.70859375 0.4734375 0.0109375 0.0359375
5 0.53046875 0.54375 0.0109375 0.0453125
5 0.55546875 0.48671875 0.00859375 0.03984375
5 0.31015625 0.4484375 0.0078125 0.03984375
5 0.671875 0.5140625 0.0171875 0.04609375
5 0.16796875 0.54296875 0.01171875 0.04921875
5 0.56640625 0.55546875 0.01328125 0.04921875
5 0.69765625 0.56640625 0.01640625 0.04921875
5 0.4328125 0.5890625 0.009375 0.05078125
5 0.09765625 0.69609375 0.0109375 0.0640625
5 0.1765625 0.57421875 0.0125 0.05078125
5 0.12890625 0.5515625 0.0109375 0.04921875
5 0.26328125 0.70859375 0.01484375 0.05625
5 0.4046875 0.59921875 0.0140625 0.05078125
5 0.109375 0.7140625 0.02109375 0.06640625
6 0.5296875 0.3390625 0.0078125 0.0234375