5 0.57734375 0.184375 0.01484375 0.03671875
5 0.54453125 0.28828125 0.0125 0.0421875
5 0.31640625 0.23203125 0.01171875 0.04609375
5 0.46953125 0.28984375 0.01953125 0.04609375
5 0.3765625 0.35859375 0.0140625 0.05546875
5 0.75546875 0.2359375 0.02109375 0.03984375
5 0.8140625 0.4140625 0.01953125 0.06953125
5 0.77578125 0.265625 0.01015625 0.053125
5 0.71015625 0.21875 0.009375 0.0453125
5 0.8 0.4296875 0.02109375 0.0609375
5 0.27578125 0.34375 0.01171875 0.05625
5 0.43515625 0.2515625 0.01171875 0.046875
5 0.41484375 0.61953125 0.02421875 0.075
6 0.93515625 0.875 0.04375 0.10078125
5 0.565625 0.28203125 0.01484375 0.04609375
5 0.39765625 0.321875 0.0109375 0.05390625
5 0.4453125 0.37109375 0.01328125 0.05390625
6 0.48828125 0.36328125 0.01640625 0.05859375
5 0.471875 0.44375 0.0171875 0.0609375
5 0.35625 0.39765625 0.01484375 0.06015625
5 0.603125 0.553125 0.0296875 0.06953125
5 0.54765625 0.26328125 0.0109375 0.04296875
2 0.56171875 0.284375 0.00546875 0.00859375
6 0.39609375 0.13671875 0.01015625 0.03125