5 0.21875 0.3796875 0.02109375 0.05390625
5 0.63046875 0.17109375 0.00859375 0.03671875
4 0.07265625 0.31875 0.01015625 0.0484375
5 0.38046875 0.2453125 0.01015625 0.0484375
5 0.25390625 0.42109375 0.01484375 0.0546875
6 0.48125 0.38828125 0.01015625 0.05625
6 0.91328125 0.90078125 0.025 0.10390625
5 0.42734375 0.24921875 0.01015625 0.04296875
5 0.1078125 0.61171875 0.01875 0.0734375
5 0.84296875 0.31328125 0.0109375 0.05390625
5 0.89375 0.36796875 0.01015625 0.06171875
5 0.4875 0.28984375 0.01484375 0.0484375
5 0.1953125 0.325 0.01640625 0.05
5 0.221875 0.41796875 0.0203125 0.053125
5 0.24453125 0.4375 0.01484375 0.06015625
5 0.87265625 0.27421875 0.01015625 0.0484375
5 0.6296875 0.39765625 0.01640625 0.05859375
5 0.39609375 0.5640625 0.01484375 0.06796875
5 0.190625 0.58984375 0.02578125 0.06640625
5 0.78515625 0.55625 0.015625 0.0796875
5 0.65859375 0.36875 0.01015625 0.0609375
5 0.72734375 0.54140625 0.01796875 0.075
5 0.46328125 0.5265625 0.0234375 0.06328125
6 0.4921875 0.12890625 0.009375 0.03125
2 0.24921875 0.39765625 0.00546875 0.009375