5 0.59921875 0.353125 0.01015625 0.03203125
4 0.9671875 0.409375 0.01640625 0.05
5 0.3703125 0.346875 0.009375 0.03125
5 0.41953125 0.3390625 0.00703125 0.03359375
6 0.1734375 0.34453125 0.00703125 0.034375
5 0.4 0.38828125 0.00859375 0.04609375
5 0.5484375 0.37890625 0.00859375 0.04140625
5 0.50703125 0.40078125 0.009375 0.04140625
5 0.94921875 0.5109375 0.01484375 0.059375
5 0.60234375 0.41171875 0.01015625 0.046875
5 0.49296875 0.47890625 0.01015625 0.05625
5 0.765625 0.40625 0.01015625 0.0453125
5 0.746875 0.4140625 0.01171875 0.040625
5 0.47578125 0.46796875 0.01015625 0.0515625
5 0.16328125 0.446875 0.01171875 0.05625
5 0.26015625 0.40078125 0.01015625 0.04609375
5 0.14609375 0.44453125 0.01171875 0.05078125
6 0.5171875 0.4296875 0.0125 0.0484375
5 0.64375 0.51796875 0.02109375 0.0609375
5 0.18671875 0.51953125 0.01328125 0.0609375
5 0.3703125 0.54609375 0.015625 0.0640625
5 0.34375 0.64140625 0.02265625 0.06796875
5 0.80390625 0.8015625 0.02578125 0.1046875
2 0.85234375 0.48671875 0.00625 0.01328125