5 0.6 0.30625 0.01015625 0.0390625
4 0.8515625 0.32578125 0.01015625 0.0390625
5 0.5921875 0.5109375 0.01875 0.0578125
5 0.196875 0.34140625 0.009375 0.0359375
5 0.7625 0.44296875 0.00859375 0.04921875
5 0.3140625 0.29921875 0.0078125 0.03203125
5 0.1875 0.35234375 0.0078125 0.04140625
5 0.29765625 0.40703125 0.01484375 0.04375
5 0.6671875 0.31953125 0.0078125 0.0390625
5 0.22265625 0.5953125 0.01328125 0.0609375
6 0.5046875 0.45 0.01796875 0.04296875
5 0.34921875 0.45546875 0.01015625 0.0546875
5 0.35 0.31640625 0.009375 0.03828125
5 0.559375 0.5109375 0.0109375 0.04921875
5 0.603125 0.384375 0.00859375 0.0453125
5 0.71171875 0.40703125 0.01015625 0.0484375
5 0.6546875 0.61171875 0.0140625 0.0640625
5 0.515625 0.49140625 0.01484375 0.04921875
5 0.1828125 0.465625 0.01484375 0.05390625
5 0.69921875 0.596875 0.03046875 0.05390625
5 0.77734375 0.47421875 0.01171875 0.05625
6 0.07265625 0.84921875 0.028125 0.08828125
6 0.57265625 0.20546875 0.00859375 0.03125
5 0.59609375 0.49921875 0.021875 0.05
2 0.5640625 0.54296875 0.0046875 0.01015625