6 0.7828125 0.2296875 0.009375 0.04609375
5 0.6625 0.28359375 0.01796875 0.040625
5 0.6921875 0.28046875 0.01328125 0.04453125
5 0.5390625 0.2328125 0.01171875 0.04140625
5 0.40078125 0.24375 0.009375 0.0453125
5 0.6375 0.23984375 0.015625 0.0390625
5 0.45390625 0.26875 0.01328125 0.0484375
5 0.37578125 0.24375 0.01328125 0.04296875
5 0.23046875 0.4015625 0.01796875 0.06171875
5 0.64453125 0.28046875 0.01171875 0.0484375
5 0.32734375 0.296875 0.009375 0.05625
5 0.41953125 0.259375 0.01015625 0.05
6 0.58046875 0.3203125 0.01328125 0.05625
5 0.671875 0.31484375 0.01484375 0.05
5 0.4796875 0.28515625 0.0140625 0.05
5 0.82109375 0.37734375 0.02109375 0.05625
5 0.54375 0.303125 0.01484375 0.05390625
5 0.5625 0.3140625 0.01328125 0.05390625
5 0.72578125 0.428125 0.025 0.06875
5 0.74921875 0.44375 0.02265625 0.06640625
5 0.6796875 0.2765625 0.01640625 0.04140625
5 0.66953125 0.265625 0.01171875 0.04140625