5 0.44453125 0.28515625 0.0125 0.03046875
5 0.453125 0.3 0.009375 0.03359375
5 0.29609375 0.3109375 0.00859375 0.03828125
4 0.0421875 0.34453125 0.0109375 0.0359375
5 0.26796875 0.36875 0.01171875 0.03984375
5 0.30234375 0.35078125 0.0109375 0.04375
5 0.27890625 0.32578125 0.009375 0.04296875
6 0.41015625 0.32890625 0.0078125 0.04140625
5 0.39296875 0.34453125 0.0125 0.04453125
5 0.53515625 0.359375 0.00859375 0.04609375
5 0.56953125 0.31328125 0.01328125 0.0359375
5 0.671875 0.36640625 0.01015625 0.05078125
5 0.19296875 0.3875 0.009375 0.046875
5 0.2359375 0.35078125 0.00859375 0.0484375
5 0.3734375 0.37578125 0.01015625 0.04921875
5 0.72109375 0.4015625 0.01328125 0.05703125
5 0.634375 0.4375 0.01171875 0.05625
5 0.6984375 0.44765625 0.0109375 0.05625
5 0.2109375 0.45625 0.01328125 0.05703125
5 0.4359375 0.4125 0.0125 0.053125
5 0.35703125 0.50546875 0.01796875 0.0609375
5 0.63515625 0.75703125 0.02265625 0.10078125
5 0.6640625 0.765625 0.02109375 0.103125
6 0.7 0.278125 0.009375 0.040625
5 0.30390625 0.321875 0.0109375 0.03828125