5 0.521875 0.3046875 0.00859375 0.04453125
5 0.6015625 0.284375 0.0078125 0.0390625
5 0.57265625 0.26328125 0.0078125 0.03671875
5 0.45 0.30625 0.01015625 0.04609375
2 0.40078125 0.6546875 0.01015625 0.01484375
5 0.3140625 0.26953125 0.00859375 0.0359375
5 0.5109375 0.3359375 0.00859375 0.0484375
5 0.6875 0.35625 0.0140625 0.05390625
6 0.565625 0.34296875 0.01015625 0.04921875
5 0.75859375 0.4546875 0.01484375 0.0515625
5 0.63671875 0.46328125 0.01328125 0.046875
5 0.6578125 0.33828125 0.01640625 0.05078125
5 0.31328125 0.390625 0.01171875 0.059375
4 0.9390625 0.328125 0.0140625 0.05078125
5 0.79375 0.52421875 0.01953125 0.05859375
5 0.4546875 0.496875 0.01328125 0.06640625
5 0.58125 0.434375 0.021875 0.05625
5 0.39296875 0.3984375 0.01953125 0.059375
5 0.7265625 0.559375 0.0171875 0.06875
5 0.22109375 0.35390625 0.01171875 0.05390625
5 0.1671875 0.50625 0.01796875 0.0703125
6 0.9546875 0.6703125 0.03046875 0.09453125
5 0.4875 0.665625 0.03671875 0.08203125
6 0.26875 0.2390625 0.00859375 0.04140625
5 0.62578125 0.3125 0.0125 0.04453125