5 0.45078125 0.24609375 0.009375 0.03203125
5 0.396875 0.2859375 0.0078125 0.0390625
5 0.65234375 0.2875 0.01328125 0.03984375
5 0.35546875 0.3234375 0.009375 0.04921875
5 0.60234375 0.3171875 0.0125 0.046875
5 0.5125 0.33203125 0.01015625 0.0484375
6 0.47421875 0.359375 0.01171875 0.053125
2 0.6375 0.62578125 0.0078125 0.0140625
5 0.23515625 0.43046875 0.02109375 0.05390625
5 0.48515625 0.521875 0.01328125 0.05546875
5 0.33125 0.36328125 0.01796875 0.05859375
5 0.70546875 0.4859375 0.0171875 0.06953125
5 0.42421875 0.38828125 0.0140625 0.06171875
5 0.91328125 0.54296875 0.0265625 0.075
5 0.715625 0.48203125 0.0140625 0.071875
5 0.5375 0.66796875 0.01953125 0.09921875
5 0.4203125 0.4546875 0.0234375 0.0515625
4 0.05234375 0.33046875 0.01640625 0.05078125
5 0.39921875 0.39140625 0.01640625 0.05859375
5 0.815625 0.34765625 0.015625 0.0546875
5 0.24921875 0.515625 0.02421875 0.06640625
5 0.27578125 0.53671875 0.0203125 0.08046875
6 0.76953125 0.24453125 0.01015625 0.040625