5 0.41953125 0.246875 0.00859375 0.0390625
5 0.28671875 0.3359375 0.01640625 0.05078125
5 0.34296875 0.290625 0.01015625 0.04375
5 0.6484375 0.28671875 0.01015625 0.04296875
5 0.68203125 0.359375 0.0125 0.05
6 0.43984375 0.35390625 0.01484375 0.05390625
5 0.54609375 0.30703125 0.0109375 0.04921875
5 0.2640625 0.36640625 0.015625 0.05625
5 0.29921875 0.34921875 0.015625 0.05546875
5 0.4234375 0.35078125 0.01015625 0.0515625
5 0.5078125 0.3140625 0.0171875 0.046875
5 0.39921875 0.36875 0.01484375 0.05546875
5 0.33515625 0.4546875 0.02890625 0.0515625
5 0.24765625 0.5234375 0.01484375 0.06953125
5 0.203125 0.4796875 0.01640625 0.0703125
5 0.66953125 0.42109375 0.0140625 0.06171875
5 0.4765625 0.55078125 0.02265625 0.06640625
5 0.778125 0.3328125 0.01484375 0.0546875
5 0.16953125 0.5421875 0.0203125 0.0734375
5 0.55859375 0.60078125 0.0234375 0.08515625
5 0.86640625 0.515625 0.01796875 0.075
6 0.72109375 0.23828125 0.0109375 0.0390625
2 0.5703125 0.60703125 0.009375 0.0171875