5 0.590625 0.3640625 0.00859375 0.034375
5 0.63203125 0.3625 0.01328125 0.03828125
5 0.196875 0.428125 0.01171875 0.05
5 0.6125 0.390625 0.00859375 0.04375
5 0.35859375 0.36796875 0.01484375 0.040625
5 0.14140625 0.45625 0.0125 0.05078125
5 0.41484375 0.45234375 0.009375 0.04921875
5 0.21640625 0.653125 0.01796875 0.06796875
5 0.21484375 0.478125 0.01171875 0.05859375
5 0.29296875 0.5015625 0.01484375 0.053125
6 0.55390625 0.48046875 0.01328125 0.053125
5 0.2609375 0.52890625 0.01640625 0.0609375
5 0.78125 0.42578125 0.01484375 0.04921875
5 0.7625 0.5015625 0.02265625 0.05859375
5 0.8203125 0.57890625 0.0171875 0.06015625
5 0.43828125 0.57109375 0.01484375 0.0640625
5 0.634375 0.44921875 0.01640625 0.0515625
5 0.31953125 0.6671875 0.01953125 0.075
5 0.75234375 0.5640625 0.01796875 0.06328125
5 0.8140625 0.5 0.02109375 0.059375
5 0.64453125 0.559375 0.01953125 0.06328125
6 0.68515625 0.33671875 0.01015625 0.03671875
2 0.603125 0.37890625 0.00390625 0.00859375