5 0.60859375 0.66015625 0.01640625 0.021875
5 0.45546875 0.44140625 0.00703125 0.03984375
5 0.3875 0.39921875 0.00859375 0.02578125
5 0.45 0.4359375 0.00703125 0.02734375
5 0.60234375 0.66171875 0.0171875 0.025
6 0.34453125 0.3890625 0.00703125 0.03359375
6 0.81796875 0.89140625 0.01328125 0.06953125
5 0.39453125 0.403125 0.0078125 0.03125
5 0.459375 0.421875 0.01171875 0.03671875
5 0.5765625 0.4125 0.0109375 0.03046875
5 0.59296875 0.4171875 0.01171875 0.03046875
5 0.38046875 0.44921875 0.01171875 0.0390625
6 0.46953125 0.478125 0.00859375 0.04375
5 0.59921875 0.69921875 0.01640625 0.0640625
4 0.009375 0.490625 0.01015625 0.04453125
5 0.7109375 0.46015625 0.01015625 0.04453125
5 0.275 0.42578125 0.0109375 0.03671875
5 0.4796875 0.44296875 0.00859375 0.03828125
5 0.2671875 0.49296875 0.01015625 0.0453125
5 0.58046875 0.49375 0.009375 0.04453125
5 0.5640625 0.58359375 0.01640625 0.05
5 0.74609375 0.5046875 0.0109375 0.04609375
5 0.45078125 0.509375 0.0125 0.0453125
5 0.76484375 0.50390625 0.01328125 0.046875
5 0.28125 0.52890625 0.0125 0.046875