5 0.6390625 0.42578125 0.01328125 0.03984375
5 0.56640625 0.365625 0.00703125 0.0296875
5 0.72890625 0.40625 0.01171875 0.034375
5 0.64921875 0.44609375 0.009375 0.04140625
5 0.48046875 0.36640625 0.00703125 0.03125
5 0.7015625 0.37265625 0.009375 0.02890625
5 0.47421875 0.38671875 0.01328125 0.0296875
5 0.60234375 0.37109375 0.01328125 0.0296875
6 0.91328125 0.89921875 0.021875 0.096875
5 0.2953125 0.39375 0.0078125 0.03984375
5 0.4921875 0.3765625 0.00859375 0.03828125
5 0.4921875 0.44765625 0.01171875 0.0359375
5 0.7203125 0.61015625 0.02421875 0.0625
5 0.80703125 0.42578125 0.01171875 0.0390625
5 0.37265625 0.5234375 0.01328125 0.0546875
5 0.41015625 0.44375 0.0109375 0.0453125
5 0.19765625 0.55703125 0.01953125 0.0515625
5 0.3015625 0.434375 0.0140625 0.040625
5 0.80546875 0.5265625 0.02265625 0.0515625
2 0.7421875 0.403125 0.00390625 0.00859375
5 0.734375 0.3859375 0.0140625 0.03984375
6 0.6453125 0.428125 0.01796875 0.0375
6 0.36328125 0.3453125 0.01015625 0.03828125