5 0.7515625 0.49296875 0.0109375 0.046875
5 0.6390625 0.34296875 0.01484375 0.03828125
5 0.525 0.36328125 0.01796875 0.03515625
6 0.53984375 0.478125 0.02109375 0.05390625
5 0.43515625 0.41015625 0.01484375 0.04453125
5 0.8375 0.41015625 0.01640625 0.0484375
5 0.7640625 0.51953125 0.02265625 0.05859375
5 0.49296875 0.40859375 0.01796875 0.04140625
5 0.8703125 0.4671875 0.01796875 0.0453125
5 0.60234375 0.46328125 0.01171875 0.04921875
5 0.43671875 0.4734375 0.01875 0.04921875
5 0.7796875 0.46796875 0.01640625 0.05859375
5 0.38359375 0.584375 0.01640625 0.06328125
5 0.57109375 0.584375 0.01640625 0.06640625
5 0.67265625 0.71796875 0.01640625 0.078125
5 0.33125 0.62265625 0.02109375 0.06953125
5 0.21015625 0.440625 0.0140625 0.05390625
5 0.8328125 0.678125 0.0203125 0.07109375
5 0.3078125 0.48984375 0.0234375 0.05546875
5 0.17109375 0.54453125 0.01953125 0.06171875
5 0.23359375 0.7296875 0.02578125 0.07421875
2 0.49453125 0.37578125 0.0046875 0.009375
6 0.296875 0.33671875 0.0140625 0.0390625