5 0.46171875 0.38125 0.00859375 0.034375
2 0.2546875 0.55703125 0.00546875 0.01015625
5 0.57109375 0.3 0.00703125 0.03359375
5 0.4640625 0.3984375 0.01015625 0.04140625
5 0.43359375 0.33515625 0.00703125 0.03515625
5 0.54609375 0.603125 0.01640625 0.0515625
5 0.5875 0.35390625 0.0078125 0.03828125
5 0.49453125 0.37421875 0.00859375 0.04375
5 0.60390625 0.4359375 0.01015625 0.0453125
5 0.6203125 0.40390625 0.00859375 0.04296875
5 0.7421875 0.54453125 0.0109375 0.0484375
4 0.925 0.4140625 0.0125 0.04609375
5 0.55859375 0.3359375 0.00859375 0.03828125
5 0.66640625 0.44765625 0.01328125 0.046875
5 0.225 0.38359375 0.00859375 0.04140625
5 0.6453125 0.41796875 0.01171875 0.046875
5 0.52578125 0.4859375 0.01015625 0.0515625
5 0.225 0.46953125 0.01328125 0.0484375
5 0.3359375 0.4734375 0.01015625 0.05
6 0.478125 0.39765625 0.01328125 0.04140625
5 0.23671875 0.56328125 0.01484375 0.05703125
5 0.8265625 0.73046875 0.01953125 0.059375
6 0.95234375 0.8578125 0.02890625 0.084375
6 0.253125 0.2921875 0.00859375 0.0328125
5 0.5125 0.2859375 0.01015625 0.03515625