5 0.65078125 0.3359375 0.00859375 0.03359375
5 0.4234375 0.34375 0.00703125 0.03984375
5 0.7265625 0.29453125 0.00859375 0.03203125
5 0.7796875 0.29296875 0.0078125 0.03046875
5 0.4265625 0.37421875 0.01015625 0.0453125
5 0.415625 0.3828125 0.00859375 0.0453125
5 0.65 0.3609375 0.0109375 0.040625
5 0.48515625 0.42421875 0.0109375 0.046875
5 0.5515625 0.30625 0.00703125 0.03203125
4 0.00703125 0.41171875 0.0125 0.04921875
5 0.59453125 0.35390625 0.01171875 0.040625
5 0.525 0.4546875 0.0140625 0.05
5 0.8703125 0.428125 0.01171875 0.05
5 0.784375 0.36328125 0.01015625 0.040625
5 0.75 0.44375 0.01328125 0.0484375
5 0.928125 0.43203125 0.01171875 0.05
6 0.5734375 0.40703125 0.01015625 0.0484375
5 0.3765625 0.453125 0.01171875 0.05390625
5 0.4265625 0.66953125 0.0171875 0.06484375
5 0.80234375 0.6515625 0.015625 0.06796875
5 0.38984375 0.53046875 0.01171875 0.0609375
5 0.51015625 0.7109375 0.02421875 0.06875
6 0.4234375 0.2703125 0.00703125 0.0328125
2 0.7375 0.3203125 0.00625 0.00859375