5 0.60390625 0.40078125 0.00859375 0.04296875
5 0.625 0.43203125 0.01015625 0.040625
5 0.59609375 0.40703125 0.0140625 0.0421875
5 0.5234375 0.33984375 0.01015625 0.03359375
5 0.3453125 0.41015625 0.00859375 0.040625
5 0.5546875 0.540625 0.0140625 0.05078125
5 0.334375 0.41875 0.00859375 0.0390625
5 0.42109375 0.38828125 0.01015625 0.03828125
5 0.5140625 0.42109375 0.01015625 0.0390625
5 0.61484375 0.4375 0.01015625 0.046875
5 0.36171875 0.50390625 0.01015625 0.0515625
6 0.54140625 0.46875 0.00859375 0.04609375
5 0.278125 0.36328125 0.00859375 0.03828125
5 0.44296875 0.390625 0.01015625 0.03828125
5 0.65625 0.484375 0.01171875 0.05
4 0.91328125 0.42109375 0.01484375 0.046875
5 0.58203125 0.4984375 0.01796875 0.0484375
6 0.0109375 0.909375 0.021875 0.08125
5 0.7046875 0.65859375 0.01328125 0.059375
5 0.35546875 0.70390625 0.01484375 0.06875
5 0.15859375 0.50703125 0.01171875 0.05
5 0.746875 0.81953125 0.01640625 0.07890625
6 0.56171875 0.28203125 0.0078125 0.02734375
5 0.40703125 0.31171875 0.0078125 0.03515625