5 0.39609375 0.40078125 0.00859375 0.04296875
5 0.375 0.43203125 0.01015625 0.040625
5 0.40390625 0.40703125 0.0140625 0.0421875
5 0.4765625 0.33984375 0.01015625 0.03359375
5 0.6546875 0.41015625 0.00859375 0.040625
5 0.4453125 0.540625 0.0140625 0.05078125
5 0.665625 0.41875 0.00859375 0.0390625
5 0.57890625 0.38828125 0.01015625 0.03828125
5 0.4859375 0.42109375 0.01015625 0.0390625
5 0.38515625 0.4375 0.01015625 0.046875
5 0.63828125 0.50390625 0.01015625 0.0515625
6 0.45859375 0.46875 0.00859375 0.04609375
5 0.721875 0.36328125 0.00859375 0.03828125
5 0.55703125 0.390625 0.01015625 0.03828125
5 0.34375 0.484375 0.01171875 0.05
4 0.08671875 0.42109375 0.01484375 0.046875
5 0.41796875 0.4984375 0.01796875 0.0484375
6 0.98828125 0.909375 0.0234375 0.08125
5 0.2953125 0.65859375 0.01328125 0.059375
5 0.64453125 0.70390625 0.01484375 0.06875
5 0.84140625 0.50703125 0.01171875 0.05
5 0.253125 0.81953125 0.01640625 0.07890625
6 0.43828125 0.28203125 0.0078125 0.02734375
5 0.59296875 0.31171875 0.0078125 0.03515625