5 0.19453125 0.30234375 0.009375 0.0265625
5 0.28125 0.29921875 0.00703125 0.0296875
5 0.59765625 0.40703125 0.01015625 0.046875
4 0.97890625 0.43046875 0.009375 0.04921875
5 0.115625 0.42421875 0.0140625 0.04375
5 0.43828125 0.32421875 0.00703125 0.03515625
5 0.40078125 0.37421875 0.0078125 0.03984375
5 0.59453125 0.50078125 0.01015625 0.05546875
5 0.4953125 0.45859375 0.0078125 0.046875
5 0.31953125 0.359375 0.01171875 0.03828125
5 0.37109375 0.37109375 0.009375 0.0390625
5 0.59140625 0.3671875 0.0078125 0.04140625
6 0.38828125 0.4234375 0.01171875 0.0453125
5 0.4734375 0.478125 0.01015625 0.05078125
5 0.17734375 0.5109375 0.01484375 0.0515625
5 0.590625 0.5734375 0.015625 0.05703125
5 0.19765625 0.4203125 0.01328125 0.04453125
5 0.44453125 0.70625 0.01328125 0.065625
5 0.409375 0.7078125 0.0171875 0.06953125
5 0.17578125 0.6453125 0.021875 0.06328125
5 0.11953125 0.41328125 0.0125 0.04453125
2 0.203125 0.31328125 0.003125 0.00625
6 0.6 0.28671875 0.0078125 0.03046875