5 0.34921875 0.3359375 0.00859375 0.03359375
5 0.5765625 0.34375 0.00703125 0.03984375
5 0.2734375 0.29453125 0.00859375 0.03203125
5 0.2203125 0.29296875 0.0078125 0.03046875
5 0.5734375 0.37421875 0.01015625 0.0453125
5 0.584375 0.3828125 0.00859375 0.0453125
5 0.35 0.3609375 0.0109375 0.040625
5 0.51484375 0.42421875 0.0109375 0.046875
5 0.4484375 0.30625 0.00703125 0.03203125
4 0.99296875 0.41171875 0.0125 0.04921875
5 0.40546875 0.35390625 0.01171875 0.040625
5 0.475 0.4546875 0.0140625 0.05
5 0.1296875 0.428125 0.01171875 0.05
5 0.215625 0.36328125 0.01015625 0.040625
5 0.25 0.44375 0.01328125 0.0484375
5 0.071875 0.43203125 0.01171875 0.05
6 0.4265625 0.40703125 0.01015625 0.0484375
5 0.6234375 0.453125 0.01171875 0.05390625
5 0.5734375 0.66953125 0.0171875 0.06484375
5 0.19765625 0.6515625 0.015625 0.06796875
5 0.61015625 0.53046875 0.01171875 0.0609375
5 0.48984375 0.7109375 0.02421875 0.06875
6 0.5765625 0.2703125 0.00703125 0.0328125
2 0.2625 0.3203125 0.00625 0.00859375