5 0.40078125 0.2765625 0.00859375 0.03046875
5 0.7015625 0.309375 0.01015625 0.0390625
5 0.3421875 0.39296875 0.01015625 0.04375
5 0.43046875 0.31796875 0.01015625 0.034375
5 0.20703125 0.371875 0.00859375 0.040625
5 0.24296875 0.34296875 0.00703125 0.03671875
5 0.2484375 0.52421875 0.0078125 0.05546875
5 0.25625 0.4734375 0.01015625 0.04921875
5 0.21484375 0.35859375 0.0078125 0.04140625
5 0.225 0.57734375 0.0109375 0.06015625
4 0.7890625 0.384375 0.0140625 0.0484375
5 0.89765625 0.46640625 0.01015625 0.0484375
5 0.2953125 0.353125 0.0078125 0.03671875
5 0.65703125 0.421875 0.00859375 0.04921875
5 0.55 0.38125 0.0078125 0.03984375
6 0.371875 0.3859375 0.00703125 0.04296875
5 0.203125 0.4890625 0.00859375 0.05546875
5 0.56953125 0.4171875 0.00859375 0.04921875
5 0.27578125 0.61328125 0.01640625 0.06328125
5 0.65 0.76484375 0.01953125 0.07421875
5 0.3546875 0.60390625 0.01171875 0.06328125
5 0.49140625 0.6234375 0.01328125 0.06171875
6 0.146875 0.93125 0.02578125 0.0859375
2 0.771875 0.40390625 0.00546875 0.0109375
6 0.640625 0.24453125 0.009375 0.03359375