5 0.55625 0.41640625 0.01171875 0.03359375
5 0.2671875 0.45234375 0.0109375 0.03984375
5 0.5796875 0.42890625 0.00859375 0.0390625
5 0.69453125 0.50859375 0.01328125 0.04609375
5 0.14453125 0.5984375 0.0125 0.05859375
5 0.13828125 0.57109375 0.0140625 0.05703125
5 0.84375 0.584375 0.01640625 0.04609375
5 0.61484375 0.4421875 0.00859375 0.04140625
5 0.8921875 0.61328125 0.01953125 0.0578125
5 0.4875 0.471875 0.00859375 0.04140625
5 0.33828125 0.57265625 0.01015625 0.05859375
5 0.6828125 0.57890625 0.0140625 0.053125
5 0.33359375 0.44296875 0.00625 0.040625
5 0.771875 0.63984375 0.015625 0.05546875
6 0.55703125 0.509375 0.01328125 0.0484375
5 0.16640625 0.615625 0.01328125 0.06015625
5 0.5921875 0.59453125 0.0109375 0.05703125
6 0.109375 0.82734375 0.02265625 0.0859375
5 0.35078125 0.58359375 0.01953125 0.0546875
5 0.578125 0.64375 0.01953125 0.05859375
5 0.75078125 0.63984375 0.0125 0.05703125
5 0.534375 0.67109375 0.0171875 0.06875
4 0.7265625 0.4140625 0.0109375 0.04140625
2 0.88515625 0.59453125 0.00546875 0.01015625
6 0.46953125 0.34296875 0.0078125 0.028125