5 0.44765625 0.35390625 0.0125 0.03671875
5 0.3234375 0.40390625 0.01015625 0.0390625
5 0.31640625 0.425 0.01015625 0.03515625
5 0.28984375 0.39921875 0.009375 0.04140625
5 0.4421875 0.38671875 0.0109375 0.04296875
5 0.6671875 0.37578125 0.01015625 0.03828125
6 0.878125 0.36171875 0.01015625 0.0390625
5 0.33203125 0.35078125 0.0078125 0.03828125
4 0.1546875 0.39375 0.009375 0.04296875
5 0.82734375 0.446875 0.00859375 0.0453125
5 0.24140625 0.4359375 0.01015625 0.046875
5 0.26015625 0.4265625 0.01015625 0.046875
5 0.6109375 0.36484375 0.0078125 0.0390625
5 0.875 0.44296875 0.01875 0.0546875
5 0.5625 0.4234375 0.01328125 0.04609375
6 0.47890625 0.38125 0.0140625 0.040625
5 0.17421875 0.46796875 0.0125 0.05703125
5 0.3765625 0.36875 0.01015625 0.0421875
5 0.63046875 0.44921875 0.0140625 0.04609375
5 0.82265625 0.47734375 0.0125 0.05078125
5 0.54921875 0.565625 0.0265625 0.05859375
5 0.30078125 0.45078125 0.01640625 0.0484375
5 0.44375 0.33828125 0.00859375 0.0328125