5 0.5359375 0.46015625 0.01015625 0.03125
5 0.56796875 0.48828125 0.01171875 0.0390625
5 0.36796875 0.50703125 0.00859375 0.03828125
5 0.25546875 0.49296875 0.009375 0.03984375
4 0.84296875 0.51328125 0.00859375 0.04375
5 0.85703125 0.56875 0.01015625 0.03828125
5 0.35546875 0.55625 0.009375 0.04453125
5 0.534375 0.5234375 0.00859375 0.040625
5 0.690625 0.46875 0.00703125 0.0359375
5 0.23125 0.57890625 0.01328125 0.04609375
5 0.615625 0.55703125 0.01328125 0.04375
6 0.4828125 0.49609375 0.00859375 0.03828125
5 0.3078125 0.54375 0.00703125 0.04296875
5 0.715625 0.69296875 0.00859375 0.05625
5 0.67265625 0.61328125 0.00859375 0.05078125
5 0.27265625 0.6625 0.01015625 0.05625
5 0.4125 0.70859375 0.01328125 0.059375
5 0.14140625 0.61328125 0.01171875 0.05546875
6 0.1375 0.78046875 0.0171875 0.0703125
2 0.84375 0.58984375 0.0078125 0.01328125
6 0.625 0.3921875 0.00703125 0.02421875
5 0.5203125 0.4234375 0.01015625 0.03125
5 0.4671875 0.4453125 0.009375 0.034375
5 0.303125 0.44296875 0.00859375 0.0328125
5 0.3078125 0.44921875 0.0078125 0.03125