2 0.5921875 0.628125 0.00703125 0.01171875
5 0.2953125 0.30703125 0.00859375 0.03671875
5 0.59921875 0.3640625 0.009375 0.0453125
5 0.2421875 0.38125 0.00859375 0.04921875
5 0.19609375 0.4046875 0.0109375 0.05
5 0.56328125 0.52265625 0.01328125 0.06171875
5 0.59921875 0.43125 0.01484375 0.04921875
5 0.47109375 0.309375 0.00859375 0.0390625
5 0.10703125 0.540625 0.01640625 0.075
5 0.4109375 0.321875 0.009375 0.040625
5 0.578125 0.34140625 0.00859375 0.04609375
6 0.27421875 0.44375 0.0125 0.06015625
5 0.1828125 0.42578125 0.0109375 0.059375
4 0.89609375 0.40078125 0.01171875 0.05546875
6 0.965625 0.65390625 0.01484375 0.07421875
5 0.58359375 0.54453125 0.01484375 0.06796875
5 0.27578125 0.61328125 0.01796875 0.0765625
5 0.53203125 0.671875 0.02890625 0.0703125
5 0.16015625 0.62421875 0.01640625 0.08203125
5 0.5984375 0.675 0.01796875 0.08359375
5 0.784375 0.58984375 0.01796875 0.07578125
5 0.90546875 0.6234375 0.02578125 0.0859375
6 0.190625 0.28125 0.01171875 0.0359375
5 0.2390625 0.3359375 0.00859375 0.040625
5 0.23203125 0.33359375 0.0078125 0.03984375