2 0.359375 0.3859375 0.00546875 0.01015625
5 0.55859375 0.25625 0.0078125 0.0390625
5 0.61640625 0.23828125 0.01171875 0.03671875
5 0.51171875 0.25390625 0.00859375 0.0453125
5 0.778125 0.26328125 0.009375 0.04375
5 0.365625 0.265625 0.00859375 0.04296875
5 0.528125 0.2609375 0.009375 0.04296875
6 0.6609375 0.31953125 0.01015625 0.04921875
4 0.04921875 0.3203125 0.01328125 0.0515625
5 0.384375 0.26328125 0.01484375 0.046875
5 0.3921875 0.346875 0.0109375 0.05078125
5 0.63515625 0.35390625 0.01484375 0.0546875
5 0.7109375 0.2828125 0.01171875 0.04921875
5 0.846875 0.32578125 0.01171875 0.05546875
5 0.83359375 0.32578125 0.01171875 0.05390625
5 0.1171875 0.43828125 0.01640625 0.07109375
5 0.56015625 0.415625 0.01015625 0.05703125
5 0.40078125 0.43203125 0.02109375 0.06484375
5 0.35 0.35859375 0.0109375 0.06015625
5 0.809375 0.49921875 0.01640625 0.0765625
5 0.6703125 0.73359375 0.02890625 0.103125
5 0.5796875 0.340625 0.01171875 0.05078125
5 0.67578125 0.51328125 0.0203125 0.07890625
6 0.8453125 0.240625 0.0125 0.04375