5 0.3625 0.19375 0.00859375 0.059375
5 0.3546875 0.17734375 0.0109375 0.046875
5 0.36796875 0.20078125 0.01015625 0.053125
5 0.39375 0.17734375 0.0140625 0.04921875
6 0.809375 0.165625 0.01171875 0.05
5 0.5671875 0.178125 0.01328125 0.046875
5 0.53671875 0.2109375 0.0125 0.059375
5 0.440625 0.209375 0.01484375 0.06015625
5 0.50625 0.20859375 0.01484375 0.0546875
5 0.71796875 0.203125 0.01953125 0.05078125
5 0.2453125 0.2109375 0.01328125 0.059375
5 0.70390625 0.2640625 0.01171875 0.06640625
5 0.40390625 0.23359375 0.01640625 0.05703125
5 0.2109375 0.24921875 0.0109375 0.06796875
5 0.740625 0.2015625 0.01171875 0.0609375
5 0.1703125 0.33203125 0.01015625 0.078125
5 0.24921875 0.29609375 0.01328125 0.06875
5 0.809375 0.26875 0.02109375 0.06796875
5 0.5390625 0.27421875 0.02109375 0.059375
6 0.446875 0.26015625 0.01484375 0.0703125
5 0.75234375 0.35703125 0.01796875 0.084375