5 0.38359375 0.1953125 0.0203125 0.05859375
6 0.77109375 0.128125 0.0140625 0.06171875
5 0.38984375 0.2109375 0.02578125 0.07109375
5 0.44140625 0.1640625 0.02109375 0.05625
5 0.60625 0.19375 0.01796875 0.06953125
5 0.66796875 0.18828125 0.0140625 0.06640625
5 0.5515625 0.190625 0.0125 0.065625
5 0.70859375 0.24140625 0.0140625 0.07109375
5 0.4859375 0.17890625 0.01328125 0.06015625
5 0.45625 0.1921875 0.0171875 0.06171875
5 0.73125 0.18671875 0.01328125 0.07109375
5 0.32421875 0.17578125 0.021875 0.06484375
5 0.21796875 0.20546875 0.01328125 0.06953125
5 0.7 0.30234375 0.01953125 0.084375
6 0.54296875 0.26484375 0.01796875 0.0796875
5 0.51953125 0.22578125 0.01328125 0.0734375
5 0.76328125 0.240625 0.01953125 0.075
5 0.19453125 0.253125 0.02265625 0.0765625
5 0.3421875 0.21328125 0.02734375 0.06328125
5 0.23203125 0.32578125 0.0171875 0.084375
5 0.29609375 0.284375 0.03046875 0.078125
5 0.60703125 0.1578125 0.02109375 0.0625
2 0.43359375 0.13828125 0.0046875 0.009375