5 0.52578125 0.25078125 0.01171875 0.04921875
5 0.43359375 0.240625 0.00859375 0.046875
5 0.47109375 0.25390625 0.0125 0.04921875
5 0.51640625 0.2625 0.021875 0.05078125
5 0.54453125 0.23671875 0.01328125 0.04609375
5 0.59453125 0.246875 0.009375 0.0515625
5 0.3265625 0.25546875 0.009375 0.0546875
5 0.4484375 0.2546875 0.01015625 0.040625
5 0.340625 0.25546875 0.0109375 0.0515625
5 0.13828125 0.27421875 0.00859375 0.053125
4 0.8578125 0.26953125 0.01484375 0.0609375
5 0.58125 0.296875 0.0140625 0.05546875
5 0.65078125 0.27578125 0.0125 0.0546875
5 0.08203125 0.2734375 0.01328125 0.05703125
5 0.72578125 0.315625 0.015625 0.05703125
6 0.3578125 0.27578125 0.015625 0.05546875
5 0.11875 0.34609375 0.02109375 0.06484375
5 0.43828125 0.28671875 0.01640625 0.05859375
5 0.1515625 0.34609375 0.0140625 0.06640625
5 0.4859375 0.3859375 0.02734375 0.0640625
2 0.48046875 0.27109375 0.00546875 0.01015625
5 0.46875 0.21015625 0.0109375 0.03671875
5 0.47421875 0.23984375 0.0140625 0.046875