5 0.71015625 0.2609375 0.009375 0.0390625
5 0.80234375 0.28984375 0.009375 0.04453125
5 0.67890625 0.27890625 0.009375 0.03984375
5 0.790625 0.3171875 0.0109375 0.046875
4 0.034375 0.34296875 0.0125 0.0484375
2 0.16796875 0.55859375 0.00703125 0.0109375
5 0.55703125 0.27734375 0.01015625 0.04140625
5 0.38125 0.30078125 0.00859375 0.04453125
5 0.51796875 0.26796875 0.00859375 0.04296875
5 0.84140625 0.37421875 0.01171875 0.05625
5 0.8765625 0.609375 0.0296875 0.07578125
5 0.41328125 0.28203125 0.009375 0.046875
5 0.8546875 0.35625 0.01171875 0.05625
5 0.75703125 0.4203125 0.01796875 0.06328125
6 0.71171875 0.375 0.01328125 0.059375
5 0.68671875 0.52109375 0.01640625 0.075
5 0.57109375 0.390625 0.01640625 0.05546875
5 0.5671875 0.4859375 0.01640625 0.06171875
5 0.396875 0.4359375 0.01328125 0.0640625
5 0.72265625 0.78203125 0.028125 0.1015625
5 0.48515625 0.43515625 0.01875 0.06328125
5 0.315625 0.4921875 0.01484375 0.06796875
5 0.103125 0.5234375 0.0203125 0.0765625