5 0.4046875 0.25703125 0.01171875 0.0359375
5 0.4359375 0.3015625 0.0109375 0.02890625
5 0.30390625 0.24375 0.0109375 0.03671875
5 0.26796875 0.25390625 0.00859375 0.040625
5 0.7375 0.253125 0.00703125 0.03984375
5 0.56953125 0.2484375 0.009375 0.03671875
5 0.7203125 0.27734375 0.0171875 0.04296875
6 0.77578125 0.23046875 0.01328125 0.0359375
5 0.2453125 0.27109375 0.01171875 0.040625
5 0.35390625 0.365625 0.01171875 0.05703125
5 0.22890625 0.28515625 0.01015625 0.05
5 0.16875 0.34375 0.01171875 0.06015625
5 0.36328125 0.29296875 0.01015625 0.0484375
5 0.43828125 0.3359375 0.01328125 0.0546875
6 0.48203125 0.30703125 0.0109375 0.053125
5 0.5296875 0.3390625 0.0109375 0.0546875
5 0.6265625 0.4171875 0.01484375 0.06171875
5 0.2875 0.3515625 0.0109375 0.05859375
5 0.196875 0.43515625 0.01484375 0.06875
5 0.8765625 0.3234375 0.0140625 0.05390625
5 0.41171875 0.42734375 0.01484375 0.06796875
5 0.13984375 0.434375 0.0125 0.06640625
2 0.584375 0.26875 0.0046875 0.01015625