5 0.68359375 0.9734375 0.02578125 0.05078125
5 0.83984375 0.24296875 0.01015625 0.04296875
5 0.890625 0.34375 0.01171875 0.03359375
5 0.84375 0.27578125 0.01171875 0.04453125
5 0.715625 0.30546875 0.01015625 0.05078125
2 0.3375 0.57109375 0.00703125 0.01171875
5 0.40859375 0.24140625 0.009375 0.04140625
5 0.5046875 0.33203125 0.01640625 0.05390625
5 0.49296875 0.28671875 0.01171875 0.05078125
4 0.0640625 0.31875 0.0140625 0.0546875
5 0.88828125 0.43359375 0.01484375 0.05703125
5 0.4625 0.35703125 0.01328125 0.05859375
5 0.88203125 0.378125 0.01953125 0.05546875
5 0.52421875 0.415625 0.01328125 0.06640625
5 0.3328125 0.31796875 0.01015625 0.05390625
5 0.546875 0.375 0.0125 0.05703125
5 0.740625 0.34609375 0.0140625 0.0546875
5 0.51640625 0.47734375 0.01484375 0.075
5 0.61171875 0.61796875 0.03046875 0.0890625
5 0.65390625 0.51015625 0.0234375 0.0703125
5 0.1125 0.53125 0.01875 0.0890625
6 0.71171875 0.38125 0.01484375 0.06484375
5 0.33125 0.39375 0.01328125 0.0703125
5 0.35625 0.69140625 0.02109375 0.10078125
6 0.89453125 0.228125 0.0109375 0.04609375