5 0.65078125 0.2390625 0.009375 0.03828125
6 0.20390625 0.234375 0.00859375 0.0390625
5 0.6734375 0.2515625 0.0140625 0.03515625
5 0.653125 0.35546875 0.01640625 0.04921875
5 0.709375 0.34453125 0.01484375 0.0515625
5 0.68125 0.2765625 0.01328125 0.040625
6 0.5296875 0.31171875 0.01796875 0.0484375
5 0.5890625 0.28359375 0.01640625 0.0390625
5 0.446875 0.31953125 0.0109375 0.046875
5 0.35078125 0.25703125 0.01015625 0.0390625
5 0.1890625 0.25859375 0.01015625 0.03984375
5 0.4203125 0.25703125 0.01484375 0.04140625
5 0.61875 0.271875 0.01171875 0.04296875
5 0.4953125 0.42578125 0.01875 0.05625
5 0.40390625 0.26328125 0.01171875 0.0453125
5 0.83046875 0.38515625 0.028125 0.05
5 0.809375 0.38671875 0.0140625 0.053125
5 0.70078125 0.41171875 0.0203125 0.059375
5 0.8375 0.32578125 0.01484375 0.0515625
5 0.5671875 0.3359375 0.01953125 0.04921875
5 0.1609375 0.3484375 0.01796875 0.06015625
5 0.68203125 0.30234375 0.015625 0.04375