6 0.3515625 0.24140625 0.00703125 0.02578125
4 0.9859375 0.36328125 0.01171875 0.0390625
5 0.6515625 0.2609375 0.00625 0.0234375
5 0.3328125 0.290625 0.01015625 0.03125
6 0.409375 0.4265625 0.0140625 0.04140625
5 0.2953125 0.44140625 0.015625 0.0390625
5 0.4109375 0.465625 0.01484375 0.05
5 0.45546875 0.32890625 0.0125 0.0359375
5 0.52890625 0.4453125 0.00859375 0.04453125
5 0.47265625 0.32109375 0.00859375 0.0359375
5 0.278125 0.365625 0.01328125 0.03984375
4 0.03125 0.41640625 0.01796875 0.04453125
5 0.30390625 0.35859375 0.01015625 0.0359375
5 0.5390625 0.39296875 0.0109375 0.03828125
5 0.23828125 0.4359375 0.015625 0.04453125
5 0.73515625 0.35859375 0.00859375 0.03671875
5 0.21640625 0.559375 0.02109375 0.0484375
5 0.215625 0.5 0.0203125 0.05
5 0.5203125 0.5265625 0.01171875 0.053125
5 0.28984375 0.85546875 0.02109375 0.06875
6 0.96875 0.89609375 0.02265625 0.08125
5 0.2890625 0.67578125 0.01953125 0.06328125
5 0.5734375 0.625 0.02578125 0.06328125
5 0.2015625 0.578125 0.02578125 0.0484375
5 0.4125 0.2546875 0.0078125 0.0359375
2 0.56328125 0.65 0.00625 0.0125