5 0.6734375 0.2875 0.0078125 0.03203125
5 0.36171875 0.36328125 0.00859375 0.0453125
5 0.578125 0.278125 0.01015625 0.03046875
5 0.615625 0.28984375 0.00703125 0.03125
6 0.8921875 0.31640625 0.009375 0.03359375
5 0.45390625 0.2765625 0.009375 0.02890625
5 0.49140625 0.275 0.009375 0.03125
5 0.44375 0.321875 0.01015625 0.03515625
5 0.3609375 0.3890625 0.00859375 0.0484375
5 0.40703125 0.31953125 0.00859375 0.03984375
4 0.1734375 0.3515625 0.009375 0.04453125
5 0.9125 0.45859375 0.0078125 0.053125
5 0.871875 0.378125 0.0109375 0.03984375
5 0.69765625 0.36328125 0.0125 0.04296875
5 0.45390625 0.371875 0.01015625 0.0453125
6 0.51328125 0.31953125 0.00859375 0.03671875
5 0.31796875 0.42421875 0.0109375 0.05078125
5 0.9125 0.53125 0.0171875 0.05390625
5 0.5375 0.40859375 0.0109375 0.0484375
5 0.3828125 0.45859375 0.0109375 0.05
5 0.29921875 0.41953125 0.0125 0.04921875
5 0.7765625 0.4359375 0.01171875 0.04921875
5 0.371875 0.621875 0.01328125 0.06484375
2 0.4953125 0.28046875 0.00390625 0.00625