5 0.79765625 0.60546875 0.01171875 0.04609375
5 0.68515625 0.4640625 0.01484375 0.04296875
5 0.66328125 0.4125 0.00859375 0.03984375
5 0.709375 0.47421875 0.009375 0.04453125
5 0.55546875 0.4453125 0.00859375 0.04296875
2 0.58203125 0.67578125 0.00625 0.01171875
5 0.22421875 0.45546875 0.0125 0.05703125
5 0.51171875 0.41640625 0.01171875 0.04453125
5 0.80234375 0.64375 0.01796875 0.05859375
5 0.78828125 0.50546875 0.01328125 0.04609375
5 0.31015625 0.58671875 0.01015625 0.05703125
5 0.42890625 0.496875 0.0140625 0.05390625
6 0.203125 0.92265625 0.028125 0.0765625
6 0.58359375 0.49453125 0.01015625 0.04921875
5 0.78046875 0.65234375 0.01640625 0.06015625
5 0.22109375 0.71796875 0.01875 0.065625
5 0.6265625 0.62265625 0.0171875 0.053125
5 0.3953125 0.340625 0.01015625 0.03828125
5 0.6078125 0.646875 0.02421875 0.0609375
5 0.81015625 0.596875 0.0140625 0.046875
4 0.74921875 0.3484375 0.0125 0.03671875
5 0.553125 0.3453125 0.009375 0.0359375
5 0.66015625 0.40078125 0.0109375 0.0359375
6 0.509375 0.24765625 0.00859375 0.025