6 0.6484375 0.24140625 0.00703125 0.02578125
4 0.0140625 0.36328125 0.01171875 0.0390625
5 0.3484375 0.2609375 0.00625 0.0234375
5 0.6671875 0.290625 0.01015625 0.03125
6 0.590625 0.4265625 0.0140625 0.04140625
5 0.7046875 0.44140625 0.015625 0.0390625
5 0.5890625 0.465625 0.01484375 0.05
5 0.54453125 0.32890625 0.0125 0.0359375
5 0.47109375 0.4453125 0.00859375 0.04453125
5 0.52734375 0.32109375 0.00859375 0.0359375
5 0.721875 0.365625 0.01328125 0.03984375
4 0.96875 0.41640625 0.01796875 0.04453125
5 0.69609375 0.35859375 0.01015625 0.0359375
5 0.4609375 0.39296875 0.0109375 0.03828125
5 0.76171875 0.4359375 0.015625 0.04453125
5 0.26484375 0.35859375 0.00859375 0.03671875
5 0.78359375 0.559375 0.02109375 0.0484375
5 0.784375 0.5 0.0203125 0.05
5 0.4796875 0.5265625 0.01171875 0.053125
5 0.71015625 0.85546875 0.02109375 0.06875
6 0.03125 0.89609375 0.02265625 0.08125
5 0.7109375 0.67578125 0.01953125 0.06328125
5 0.4265625 0.625 0.02578125 0.06328125
5 0.7984375 0.578125 0.02578125 0.0484375
5 0.5875 0.2546875 0.0078125 0.0359375
2 0.43671875 0.65 0.00625 0.0125