6 0.79453125 0.203125 0.01015625 0.0390625
5 0.64375 0.22421875 0.01015625 0.04296875
5 0.56953125 0.2796875 0.01015625 0.05
5 0.78984375 0.2953125 0.0125 0.05703125
5 0.83359375 0.34296875 0.015625 0.06015625
5 0.4765625 0.26484375 0.0109375 0.05
5 0.56640625 0.32890625 0.01328125 0.05703125
5 0.53046875 0.32890625 0.0109375 0.059375
5 0.7234375 0.36640625 0.01328125 0.06171875
5 0.73203125 0.3140625 0.01328125 0.0515625
5 0.8265625 0.37890625 0.01484375 0.06796875
5 0.87578125 0.434375 0.01328125 0.07421875
5 0.5265625 0.384375 0.0203125 0.06328125
4 0.11484375 0.31484375 0.01328125 0.05703125
5 0.3453125 0.26171875 0.0109375 0.053125
6 0.68125 0.3484375 0.01171875 0.06328125
5 0.54296875 0.44140625 0.015625 0.07109375
5 0.81953125 0.46484375 0.01953125 0.071875
5 0.86953125 0.553125 0.015625 0.08046875
5 0.13359375 0.459375 0.01640625 0.078125
5 0.51796875 0.734375 0.02265625 0.10703125
5 0.625 0.29375 0.01171875 0.0546875
5 0.53515625 0.2046875 0.01328125 0.04296875
2 0.13125 0.334375 0.00703125 0.0125