5 0.3890625 0.29609375 0.01484375 0.04921875
5 0.34453125 0.2609375 0.0109375 0.04453125
4 0.0375 0.28046875 0.0140625 0.0484375
5 0.26015625 0.2984375 0.01875 0.05
5 0.27578125 0.2703125 0.01015625 0.05
5 0.35078125 0.30546875 0.01328125 0.05078125
5 0.859375 0.375 0.01484375 0.06328125
5 0.4921875 0.24921875 0.02265625 0.04375
5 0.24765625 0.30546875 0.01328125 0.053125
5 0.38828125 0.37890625 0.01484375 0.059375
5 0.2734375 0.44140625 0.021875 0.0703125
5 0.73125 0.2640625 0.01640625 0.04609375
5 0.84296875 0.36875 0.01328125 0.06015625
5 0.58203125 0.321875 0.01640625 0.059375
5 0.3125 0.40703125 0.03046875 0.05546875
5 0.8078125 0.31328125 0.0140625 0.05625
6 0.553125 0.296875 0.01484375 0.0546875
5 0.33203125 0.43125 0.025 0.07109375
5 0.52265625 0.49453125 0.01796875 0.075
5 0.8515625 0.41484375 0.0203125 0.071875
5 0.459375 0.38125 0.0171875 0.0609375
5 0.66640625 0.3140625 0.02109375 0.053125
2 0.34140625 0.27890625 0.00546875 0.009375