5 0.3484375 0.29765625 0.00703125 0.0265625
5 0.503125 0.29609375 0.00859375 0.03828125
5 0.5671875 0.38671875 0.01015625 0.04921875
5 0.6234375 0.29765625 0.0078125 0.03203125
6 0.44921875 0.35703125 0.00625 0.04375
5 0.54375 0.35859375 0.0078125 0.0453125
5 0.38984375 0.321875 0.009375 0.04375
5 0.709375 0.3328125 0.00859375 0.0453125
5 0.5578125 0.32890625 0.00703125 0.04375
5 0.42265625 0.38671875 0.009375 0.0453125
5 0.31171875 0.3703125 0.00703125 0.0484375
5 0.27421875 0.36015625 0.0078125 0.05
5 0.25078125 0.40859375 0.01015625 0.05625
5 0.57421875 0.4015625 0.01484375 0.05078125
5 0.775 0.39140625 0.01015625 0.053125
5 0.2671875 0.50390625 0.01484375 0.0703125
5 0.7765625 0.50546875 0.0125 0.06328125
5 0.29609375 0.68515625 0.03046875 0.09296875
6 0.6828125 0.2796875 0.01015625 0.03359375
2 0.67109375 0.33671875 0.0046875 0.0109375
5 0.42109375 0.28046875 0.009375 0.03984375