5 0.49140625 0.6875 0.0203125 0.05703125
5 0.25859375 0.515625 0.0140625 0.04453125
5 0.3109375 0.4640625 0.009375 0.0390625
5 0.18203125 0.596875 0.0109375 0.05546875
5 0.87265625 0.57890625 0.0109375 0.053125
5 0.48359375 0.528125 0.0109375 0.04140625
5 0.33046875 0.4375 0.0078125 0.034375
5 0.596875 0.5484375 0.009375 0.04453125
5 0.74921875 0.47109375 0.0078125 0.040625
5 0.609375 0.471875 0.00625 0.0375
5 0.390625 0.4765625 0.00625 0.0375
5 0.5046875 0.53203125 0.009375 0.04609375
5 0.9015625 0.46953125 0.009375 0.04140625
5 0.4140625 0.5375 0.009375 0.04453125
5 0.7140625 0.43203125 0.00625 0.03203125
5 0.478125 0.46953125 0.009375 0.034375
5 0.39375 0.409375 0.00625 0.02890625
6 0.56875 0.5265625 0.0125 0.04296875
5 0.509375 0.3875 0.00625 0.02890625
5 0.51015625 0.80546875 0.0171875 0.078125
5 0.3640625 0.38203125 0.00625 0.02890625
5 0.50390625 0.434375 0.0078125 0.0375
5 0.50078125 0.846875 0.0171875 0.090625