5 0.65546875 0.5375 0.0296875 0.0890625
5 0.36953125 0.446875 0.0296875 0.0875
5 0.5359375 0.640625 0.025 0.109375
5 0.34921875 0.365625 0.0234375 0.0875
5 0.44921875 0.55859375 0.0265625 0.0890625
5 0.19140625 0.70390625 0.0359375 0.125
5 0.46953125 0.6140625 0.0265625 0.10859375
5 0.20703125 0.49609375 0.0296875 0.09140625
5 0.4734375 0.371875 0.021875 0.06640625
5 0.83046875 0.3 0.0171875 0.06640625
5 0.75703125 0.6890625 0.0390625 0.096875
5 0.81484375 0.696875 0.0296875 0.103125
6 0.2078125 0.49453125 0.028125 0.090625