5 0.3515625 0.69140625 0.021875 0.07890625
6 0.71796875 0.60390625 0.0234375 0.078125
5 0.4265625 0.6390625 0.021875 0.071875
5 0.62421875 0.55703125 0.0203125 0.0625
5 0.60625 0.6140625 0.021875 0.07890625
5 0.2625 0.615625 0.015625 0.06796875
5 0.5203125 0.54296875 0.028125 0.065625
5 0.79453125 0.5125 0.0171875 0.05546875
5 0.3796875 0.546875 0.015625 0.0640625
5 0.54296875 0.6125 0.0171875 0.0765625
5 0.396875 0.578125 0.0125 0.06953125
5 0.6859375 0.5015625 0.015625 0.05859375
5 0.46171875 0.575 0.0171875 0.078125
4 0.2734375 0.5515625 0.015625 0.07109375
5 0.559375 0.57109375 0.0125 0.065625
5 0.43984375 0.5125 0.0140625 0.065625
5 0.765625 0.55703125 0.01875 0.059375
5 0.71875 0.603125 0.021875 0.0765625
2 0.80703125 0.553125 0.0046875 0.009375
5 0.703125 0.4390625 0.009375 0.04453125