5 0.50625 0.453125 0.021875 0.08203125
5 0.51796875 0.590625 0.0234375 0.084375
5 0.7296875 0.55390625 0.03125 0.07890625
5 0.340625 0.671875 0.03125 0.10703125
5 0.0609375 0.30390625 0.015625 0.065625
4 0.978125 0.3390625 0.025 0.065625
5 0.09140625 0.4609375 0.0328125 0.084375
5 0.978125 0.340625 0.028125 0.065625
5 0.828125 0.7609375 0.04375 0.1015625
5 0.48359375 0.3890625 0.0171875 0.078125
5 0.59453125 0.409375 0.0171875 0.06640625
5 0.57890625 0.64140625 0.0296875 0.103125
5 0.04921875 0.61640625 0.0296875 0.10546875
5 0.0703125 0.6515625 0.028125 0.1
5 0.55390625 0.646875 0.0265625 0.1
5 0.23828125 0.29453125 0.0140625 0.05859375
5 0.74453125 0.721875 0.0421875 0.08203125
6 0.35078125 0.4875 0.0234375 0.08046875
5 0.35078125 0.4875 0.0234375 0.08203125
6 0.03125 0.1890625 0.0125 0.04609375