5 0.659375 0.50546875 0.03125 0.10546875
5 0.49375 0.7 0.034375 0.125
5 0.1953125 0.29609375 0.028125 0.09140625
5 0.246875 0.303125 0.01875 0.0890625
5 0.7890625 0.29609375 0.025 0.090625
5 0.5109375 0.334375 0.021875 0.07890625
5 0.371875 0.15 0.015625 0.0765625
5 0.26171875 0.44140625 0.0203125 0.1125
5 0.05546875 0.653125 0.0484375 0.1265625
5 0.57734375 0.57109375 0.0265625 0.11953125
5 0.740625 0.16796875 0.015625 0.08046875
6 0.40625 0.478125 0.01875 0.109375
5 0.778125 0.63203125 0.025 0.140625
5 0.0171875 0.525 0.025 0.11953125
5 0.39296875 0.684375 0.0421875 0.11796875
5 0.92734375 0.1734375 0.0140625 0.0765625
5 0.578125 0.0515625 0.009375 0.05703125
5 0.40546875 0.478125 0.0203125 0.10703125
6 0.46640625 0.01953125 0.0171875 0.0390625
5 0.0125 0.796875 0.025 0.121875
5 0.95390625 0.87109375 0.0359375 0.15546875
5 0.16015625 0.92890625 0.0359375 0.140625
2 0.79921875 0.33203125 0.0046875 0.009375
6 0.9515625 0.86953125 0.034375 0.153125