5 0.74140625 0.553125 0.0171875 0.04609375
5 0.57421875 0.76953125 0.0234375 0.07109375
5 0.73671875 0.615625 0.0171875 0.05859375
5 0.83828125 0.571875 0.0171875 0.05390625
5 0.56875 0.578125 0.0125 0.046875
5 0.7890625 0.778125 0.01875 0.08203125
5 0.44296875 0.65859375 0.0140625 0.0625
5 0.921875 0.5734375 0.0125 0.05703125
5 0.696875 0.609375 0.015625 0.0515625
5 0.5984375 0.55703125 0.0125 0.05
5 0.39140625 0.62890625 0.0109375 0.0640625
5 0.5859375 0.484375 0.009375 0.0390625
4 0.18203125 0.55390625 0.0171875 0.05
5 0.97421875 0.67890625 0.0140625 0.06953125
5 0.52265625 0.5359375 0.0109375 0.046875
5 0.41796875 0.59140625 0.0109375 0.05703125
6 0.6234375 0.60859375 0.0125 0.05859375
5 0.490625 0.58203125 0.0125 0.053125
5 0.615625 0.4640625 0.009375 0.0390625
5 0.64609375 0.59609375 0.0140625 0.04140625
5 0.6328125 0.5890625 0.01875 0.05
5 0.48125 0.59609375 0.009375 0.046875