5 0.19453125 0.371875 0.0296875 0.09453125
5 0.54140625 0.3875 0.0265625 0.0890625
5 0.4375 0.740625 0.03125 0.1375
5 0.2671875 0.784375 0.03125 0.14140625
5 0.2921875 0.46640625 0.025 0.10546875
5 0.34609375 0.22109375 0.0140625 0.07109375
5 0.73671875 0.24609375 0.0265625 0.078125
5 0.96328125 0.234375 0.0171875 0.071875
5 0.8609375 0.37109375 0.028125 0.09609375
5 0.7078125 0.5640625 0.034375 0.09609375
6 0.39609375 0.571875 0.0265625 0.125
5 0.81015625 0.6859375 0.0265625 0.14140625
5 0.54921875 0.12109375 0.0171875 0.05390625
5 0.67734375 0.55 0.0265625 0.1125
6 0.4671875 0.07890625 0.0125 0.0515625
5 0.2890625 0.390625 0.015625 0.07109375
2 0.746875 0.278125 0.00625 0.0140625