5 0.93515625 0.671875 0.0234375 0.09609375
5 0.08359375 0.72109375 0.0234375 0.103125
5 0.51484375 0.48359375 0.0171875 0.075
5 0.3734375 0.421875 0.015625 0.0640625
5 0.66875 0.44140625 0.0125 0.065625
5 0.246875 0.58203125 0.01875 0.09140625
5 0.93203125 0.50703125 0.0265625 0.078125
5 0.0796875 0.46953125 0.015625 0.0765625
5 0.0765625 0.55 0.01875 0.09296875
5 0.63671875 0.36640625 0.0140625 0.05
5 0.3203125 0.40390625 0.01875 0.059375
5 0.87265625 0.6265625 0.0140625 0.0875
5 0.5921875 0.39453125 0.0125 0.05859375
5 0.10625 0.378125 0.015625 0.05703125
5 0.21171875 0.48203125 0.0171875 0.07109375
5 0.51328125 0.38359375 0.0140625 0.04609375
5 0.44375 0.3734375 0.0125 0.05390625
5 0.815625 0.440625 0.015625 0.071875
6 0.5765625 0.4359375 0.0125 0.046875
5 0.45625 0.38359375 0.009375 0.04296875
2 0.5765625 0.41953125 0.009375 0.0375
5 0.57734375 0.41640625 0.0078125 0.03359375