5 0.53203125 0.80859375 0.0390625 0.1375
5 0.93203125 0.42109375 0.0359375 0.10703125
5 0.61796875 0.359375 0.0171875 0.08203125
5 0.64453125 0.59453125 0.0203125 0.09609375
5 0.69453125 0.31640625 0.0234375 0.07890625
5 0.546875 0.39140625 0.01875 0.0890625
5 0.8671875 0.39140625 0.021875 0.08046875
5 0.53125 0.3640625 0.01875 0.078125
5 0.64609375 0.415625 0.0171875 0.09296875
5 0.72578125 0.3390625 0.0171875 0.084375
5 0.9109375 0.37890625 0.015625 0.084375
5 0.6671875 0.35703125 0.0125 0.078125
5 0.71328125 0.4890625 0.0171875 0.09296875
5 0.39609375 0.4015625 0.0171875 0.09609375
5 0.44375 0.33046875 0.01875 0.078125
5 0.5046875 0.39609375 0.01875 0.0875
5 0.44453125 0.4140625 0.0171875 0.1
5 0.821875 0.175 0.01875 0.05859375
6 0.821875 0.175 0.01875 0.0625
6 0.5046875 0.39609375 0.01875 0.090625
5 0.4125 0.3265625 0.01875 0.08359375
2 0.115625 0.653125 0.0125 0.01796875
5 0.115625 0.653125 0.0125 0.01953125
6 0.70234375 0.1515625 0.0140625 0.06953125