5 0.7171875 0.50390625 0.028125 0.075
6 0.37734375 0.47890625 0.0171875 0.078125
5 0.04296875 0.5625 0.0234375 0.09453125
5 0.671875 0.6640625 0.025 0.10546875
5 0.47265625 0.43203125 0.0140625 0.07109375
5 0.48359375 0.7859375 0.0359375 0.1015625
5 0.90703125 0.56796875 0.0234375 0.09296875
5 0.31328125 0.9625 0.0296875 0.071875
5 0.28671875 0.4140625 0.0140625 0.06640625
5 0.26015625 0.44140625 0.0140625 0.06640625
5 0.73671875 0.4359375 0.0171875 0.071875
5 0.55 0.403125 0.0125 0.06796875
5 0.16640625 0.35859375 0.0171875 0.053125
5 0.4859375 0.35703125 0.0125 0.05390625
2 0.4953125 0.83359375 0.00625 0.01953125
2 0.159375 0.37890625 0.00625 0.015625
2 0.65859375 0.70546875 0.0078125 0.01796875