5 0.8140625 0.5484375 0.01875 0.09140625
5 0.89921875 0.56640625 0.0171875 0.0890625
5 0.4734375 0.55859375 0.021875 0.08359375
5 0.6109375 0.653125 0.01875 0.10390625
5 0.65625 0.50546875 0.015625 0.078125
5 0.41875 0.596875 0.01875 0.07890625
5 0.2609375 0.671875 0.021875 0.08203125
5 0.29609375 0.6015625 0.0203125 0.0875
5 0.53359375 0.5140625 0.0171875 0.06640625
5 0.334375 0.659375 0.025 0.090625
5 0.71171875 0.47109375 0.0171875 0.06640625
6 0.7859375 0.43359375 0.015625 0.06796875
5 0.49609375 0.61953125 0.0265625 0.09140625
5 0.7328125 0.459375 0.0125 0.06640625
6 0.8328125 0.6359375 0.015625 0.0890625
5 0.83359375 0.628125 0.0140625 0.08359375
4 0.29453125 0.596875 0.0203125 0.08359375
5 0.5125 0.5890625 0.01875 0.06640625