5 0.44921875 0.77890625 0.0359375 0.09296875
5 0.69453125 0.51953125 0.0296875 0.084375
5 0.43046875 0.528125 0.0265625 0.09296875
5 0.6390625 0.36640625 0.015625 0.075
5 0.42890625 0.3234375 0.0171875 0.071875
5 0.26484375 0.41796875 0.0171875 0.078125
5 0.91953125 0.24609375 0.0171875 0.06640625
6 0.6078125 0.490625 0.021875 0.0890625
5 0.92109375 0.6875 0.0234375 0.11796875
5 0.58046875 0.23359375 0.0140625 0.05859375
5 0.46796875 0.3390625 0.0171875 0.07109375
5 0.55859375 0.7875 0.0296875 0.090625
4 0.15078125 0.23359375 0.0171875 0.06953125
5 0.89921875 0.36640625 0.0140625 0.0765625
5 0.5484375 0.628125 0.025 0.10546875
5 0.32578125 0.471875 0.0203125 0.08359375
5 0.775 0.15859375 0.009375 0.04453125
5 0.38203125 0.71953125 0.0265625 0.1
5 0.63515625 0.1265625 0.0078125 0.0390625
5 0.9734375 0.7609375 0.021875 0.11953125
6 0.9796875 0.1375 0.009375 0.03203125
5 0.39296875 0.8625 0.0265625 0.128125
5 0.0078125 0.22109375 0.0125 0.053125