5 0.49375 0.534375 0.025 0.0765625
5 0.7953125 0.590625 0.015625 0.0890625
5 0.096875 0.8109375 0.021875 0.1140625
5 0.82890625 0.46640625 0.0140625 0.06953125
5 0.32421875 0.57890625 0.0140625 0.07890625
4 0.33671875 0.4 0.0203125 0.0640625
6 0.796875 0.303125 0.0125 0.04296875
5 0.478125 0.4390625 0.01875 0.06640625
5 0.578125 0.409375 0.015625 0.0625
5 0.56171875 0.43203125 0.0234375 0.065625
5 0.51796875 0.428125 0.0171875 0.06953125
5 0.50078125 0.45390625 0.0171875 0.065625
5 0.60078125 0.4 0.0171875 0.059375
5 0.53515625 0.415625 0.0171875 0.059375