5 0.61640625 0.56640625 0.0203125 0.09453125
5 0.83046875 0.503125 0.0234375 0.09296875
6 0.60390625 0.6375 0.0234375 0.115625
5 0.65390625 0.49609375 0.0234375 0.084375
5 0.75390625 0.625 0.0203125 0.10546875
5 0.3296875 0.59453125 0.021875 0.10546875
5 0.45 0.53203125 0.021875 0.0875
5 0.70859375 0.6375 0.0171875 0.1
5 0.540625 0.525 0.021875 0.09453125
4 0.37265625 0.48359375 0.0171875 0.0890625
5 0.9265625 0.55 0.01875 0.1
6 0.92734375 0.33359375 0.0171875 0.06640625
5 0.5234375 0.4890625 0.021875 0.071875
5 0.67734375 0.540625 0.0234375 0.09609375
5 0.51875 0.54609375 0.0375 0.0765625
5 0.48046875 0.50703125 0.0203125 0.078125