6 0.7265625 0.675 0.021875 0.06953125
5 0.8015625 0.65390625 0.015625 0.07109375
5 0.71953125 0.5640625 0.0203125 0.046875
5 0.07265625 0.84609375 0.0203125 0.090625
5 0.18125 0.94453125 0.028125 0.10859375
5 0.86171875 0.6859375 0.0171875 0.071875
5 0.8078125 0.55703125 0.0125 0.046875
5 0.74453125 0.5765625 0.0171875 0.059375
5 0.6859375 0.5625 0.015625 0.05859375
5 0.10546875 0.746875 0.0203125 0.075
6 0.96171875 0.45390625 0.0140625 0.046875
4 0.52578125 0.603125 0.0140625 0.05703125
5 0.00703125 0.85 0.0140625 0.09140625
5 0.6265625 0.596875 0.015625 0.05
5 0.5265625 0.603125 0.015625 0.05546875
5 0.603125 0.5765625 0.0125 0.053125
5 0.7609375 0.56953125 0.0125 0.0640625
5 0.6453125 0.59140625 0.015625 0.05390625
5 0.01171875 0.93046875 0.0203125 0.07109375