5 0.61171875 0.771875 0.0328125 0.15390625
5 0.190625 0.47890625 0.028125 0.109375
5 0.63515625 0.603125 0.0296875 0.13203125
5 0.69453125 0.721875 0.0359375 0.1515625
5 0.07265625 0.50859375 0.0203125 0.10703125
5 0.78046875 0.64140625 0.0265625 0.134375
5 0.72890625 0.578125 0.0265625 0.125
5 0.47421875 0.4015625 0.0234375 0.1015625
5 0.38046875 0.5140625 0.0171875 0.10703125
5 0.39609375 0.409375 0.0203125 0.10703125
5 0.21484375 0.546875 0.0203125 0.121875
6 0.41953125 0.60703125 0.0265625 0.1390625
5 0.43828125 0.45 0.0203125 0.1125
5 0.66171875 0.390625 0.0171875 0.090625
5 0.6390625 0.42890625 0.021875 0.09140625
5 0.6828125 0.44296875 0.015625 0.0875
5 0.41953125 0.60703125 0.0265625 0.140625
5 0.903125 0.47109375 0.025 0.0765625
5 0.82578125 0.55 0.0234375 0.11640625
5 0.59609375 0.4375 0.0140625 0.09296875