5 0.4796875 0.55859375 0.01875 0.06796875
5 0.1390625 0.60703125 0.025 0.078125
5 0.403125 0.4515625 0.015625 0.05390625
5 0.14140625 0.50859375 0.0171875 0.065625
5 0.10625 0.65546875 0.01875 0.078125
5 0.440625 0.575 0.01875 0.0640625
6 0.46484375 0.496875 0.0140625 0.05859375
5 0.20390625 0.446875 0.0140625 0.05703125
5 0.75703125 0.63203125 0.0234375 0.06953125
5 0.853125 0.490625 0.015625 0.05703125
5 0.2578125 0.4765625 0.0125 0.0625
5 0.2734375 0.390625 0.0125 0.04296875
5 0.4484375 0.38359375 0.015625 0.04140625
5 0.97265625 0.621875 0.0203125 0.07109375
5 0.58046875 0.3765625 0.0140625 0.04609375
5 0.33828125 0.4125 0.0140625 0.0515625
5 0.75859375 0.475 0.0171875 0.05546875
5 0.8890625 0.4390625 0.015625 0.05390625
5 0.70234375 0.3765625 0.0171875 0.040625
6 0.33203125 0.31796875 0.0109375 0.0375
5 0.45 0.34296875 0.0125 0.03359375
6 0.26953125 0.315625 0.0109375 0.04140625