5 0.40703125 0.68359375 0.0203125 0.08359375
5 0.90234375 0.68359375 0.0171875 0.08203125
5 0.6375 0.55703125 0.025 0.065625
5 0.29375 0.696875 0.015625 0.0890625
5 0.69296875 0.54453125 0.0140625 0.0640625
5 0.37734375 0.64140625 0.0203125 0.08046875
5 0.72578125 0.540625 0.0140625 0.065625
5 0.7828125 0.4875 0.015625 0.046875
5 0.60859375 0.596875 0.0140625 0.0625
5 0.54765625 0.5640625 0.0171875 0.06953125
5 0.60703125 0.65390625 0.0203125 0.07890625
4 0.24140625 0.584375 0.0140625 0.078125
5 0.51015625 0.56953125 0.0203125 0.06640625
5 0.31796875 0.6640625 0.0140625 0.08359375
5 0.36015625 0.621875 0.0171875 0.071875
5 0.765625 0.54453125 0.0125 0.05390625
5 0.403125 0.60703125 0.01875 0.06953125
5 0.7359375 0.46640625 0.0125 0.053125
6 0.7578125 0.6375 0.015625 0.08359375
5 0.77734375 0.57890625 0.0234375 0.06796875