5 0.41015625 0.75859375 0.0359375 0.13046875
5 0.65 0.52109375 0.021875 0.0890625
6 0.53515625 0.3875 0.0203125 0.096875
5 0.76015625 0.3265625 0.0171875 0.06796875
5 0.8515625 0.39609375 0.0375 0.103125
5 0.7125 0.45 0.01875 0.09453125
5 0.4140625 0.30546875 0.021875 0.078125
5 0.6109375 0.38203125 0.021875 0.08359375
5 0.896875 0.35859375 0.01875 0.09296875
5 0.4765625 0.3109375 0.01875 0.071875
5 0.65859375 0.3265625 0.0171875 0.07109375
5 0.5921875 0.35546875 0.015625 0.08359375
6 0.859375 0.1515625 0.015625 0.059375
5 0.43203125 0.390625 0.0171875 0.08203125
5 0.7984375 0.3640625 0.015625 0.08046875
5 0.50703125 0.334375 0.0203125 0.06796875
5 0.68203125 0.309375 0.0234375 0.06640625
2 0.26328125 0.50390625 0.0109375 0.015625
6 0.740625 0.13203125 0.015625 0.0625
5 0.43984375 0.3515625 0.0203125 0.05859375
5 0.99375 0.7 0.0125 0.090625