5 0.66015625 0.396875 0.0296875 0.0765625
5 0.80546875 0.4640625 0.0296875 0.08203125
5 0.17265625 0.5875 0.0328125 0.09296875
5 0.55078125 0.59140625 0.0328125 0.09140625
5 0.74140625 0.509375 0.0234375 0.084375
5 0.728125 0.390625 0.025 0.06640625
5 0.3296875 0.54296875 0.034375 0.0875
5 0.9671875 0.3984375 0.025 0.0765625
5 0.51796875 0.78203125 0.0359375 0.115625
5 0.78984375 0.390625 0.0171875 0.071875
5 0.6171875 0.465625 0.03125 0.07890625
6 0.93046875 0.265625 0.0203125 0.053125
5 0.8875 0.36953125 0.015625 0.06640625
5 0.8953125 0.51640625 0.021875 0.08359375
5 0.65625 0.4859375 0.03125 0.0765625
4 0.31015625 0.396875 0.0171875 0.075
2 0.75546875 0.54453125 0.0078125 0.01796875
2 0.903125 0.4 0.00625 0.0125