5 0.54140625 0.79609375 0.0296875 0.14296875
5 0.84375 0.34296875 0.0375 0.08359375
5 0.90234375 0.44140625 0.0203125 0.09609375
5 0.93671875 0.340625 0.0203125 0.09140625
5 0.75078125 0.34140625 0.0203125 0.09140625
5 0.603125 0.55703125 0.021875 0.1015625
5 0.21171875 0.4890625 0.0296875 0.09140625
5 0.82578125 0.49453125 0.0296875 0.10703125
5 0.71484375 0.43046875 0.0265625 0.103125
5 0.4109375 0.3609375 0.0375 0.08203125
5 0.3328125 0.4765625 0.034375 0.08359375
5 0.76484375 0.4609375 0.0203125 0.10703125
4 0.40859375 0.3609375 0.0359375 0.08203125