5 0.29453125 0.6234375 0.0265625 0.0765625
6 0.29609375 0.5 0.0171875 0.0625
5 0.64453125 0.5765625 0.0234375 0.05703125
5 0.69140625 0.378125 0.0140625 0.04296875
5 0.0421875 0.571875 0.01875 0.06796875
5 0.01875 0.459375 0.028125 0.05546875
5 0.41015625 0.3484375 0.0140625 0.04140625
5 0.625 0.45546875 0.01875 0.05
5 0.55 0.42890625 0.015625 0.053125
5 0.1515625 0.403125 0.015625 0.053125
5 0.090625 0.478125 0.015625 0.0640625
5 0.078125 0.390625 0.025 0.04296875
5 0.3265625 0.5765625 0.015625 0.075
5 0.521875 0.334375 0.00625 0.0390625
5 0.71484375 0.5015625 0.0203125 0.053125
5 0.23671875 0.4640625 0.0171875 0.05
5 0.8046875 0.375 0.0125 0.053125
5 0.21171875 0.3765625 0.0109375 0.040625
5 0.30625 0.3109375 0.009375 0.03203125
5 0.11875 0.296875 0.0125 0.0375
2 0.66484375 0.46953125 0.0078125 0.0125