5 0.2828125 0.93203125 0.04375 0.121875
5 0.17890625 0.53046875 0.0265625 0.07109375
5 0.4484375 0.73359375 0.03125 0.09609375
5 0.46953125 0.671875 0.0203125 0.09296875
5 0.5125 0.55546875 0.025 0.075
5 0.659375 0.56953125 0.01875 0.078125
5 0.07734375 0.509375 0.0265625 0.07109375
5 0.53515625 0.50859375 0.0171875 0.071875
4 0.75390625 0.51640625 0.0171875 0.06640625
5 0.221875 0.5015625 0.015625 0.0640625
5 0.7546875 0.51796875 0.015625 0.065625
5 0.37109375 0.478125 0.0109375 0.05859375
2 0.3890625 0.45 0.00625 0.009375
5 0.025 0.45859375 0.015625 0.0515625
5 0.36328125 0.42890625 0.0140625 0.046875
2 0.6234375 0.59296875 0.00625 0.00859375
2 0.021875 0.478125 0.009375 0.01640625