5 0.73671875 0.68359375 0.0234375 0.10703125
6 0.40234375 0.709375 0.0234375 0.11953125
5 0.56875 0.5625 0.01875 0.09609375
5 0.33046875 0.5140625 0.0171875 0.090625
5 0.259375 0.575 0.01875 0.0875
5 0.5484375 0.775 0.034375 0.13359375
5 0.53515625 0.59296875 0.0265625 0.09296875
5 0.4984375 0.5 0.01875 0.08046875
5 0.40703125 0.52109375 0.0203125 0.06953125
5 0.4234375 0.55859375 0.021875 0.1015625
5 0.4765625 0.5 0.015625 0.08046875
2 0.1796875 0.609375 0.009375 0.01796875
5 0.5296875 0.53203125 0.015625 0.071875
5 0.509375 0.5375 0.01875 0.08203125
5 0.446875 0.50390625 0.015625 0.07890625
5 0.478125 0.56953125 0.01875 0.08046875
6 0.78515625 0.34140625 0.0171875 0.059375
4 0.3296875 0.509375 0.01875 0.0875
4 0.78515625 0.34296875 0.0171875 0.0625