6 0.73046875 0.475 0.0171875 0.078125
5 0.553125 0.5890625 0.021875 0.0875
5 0.528125 0.74453125 0.03125 0.096875
5 0.81484375 0.378125 0.0171875 0.065625
4 0.21953125 0.37890625 0.0140625 0.06640625
5 0.4953125 0.3875 0.0125 0.06640625
5 0.70390625 0.365625 0.0171875 0.0625
5 0.8484375 0.5125 0.01875 0.08359375
5 0.7890625 0.509375 0.034375 0.06640625
5 0.23515625 0.5640625 0.0265625 0.07890625
5 0.8796875 0.40859375 0.0125 0.06640625
5 0.56171875 0.39140625 0.0140625 0.06796875
5 0.61796875 0.4109375 0.0109375 0.0640625
5 0.984375 0.34609375 0.01875 0.0515625
5 0.32421875 0.50390625 0.0171875 0.08046875
5 0.35 0.4375 0.01875 0.078125
5 0.39375 0.4734375 0.03125 0.071875
5 0.7734375 0.365625 0.015625 0.05390625
6 0.70546875 0.275 0.0140625 0.046875
5 0.76015625 0.378125 0.0171875 0.04296875
2 0.8546875 0.43046875 0.00625 0.0125