5 0.66171875 0.42890625 0.0203125 0.09453125
5 0.878125 0.3734375 0.03125 0.0890625
5 0.6078125 0.59453125 0.021875 0.09609375
5 0.7546875 0.428125 0.025 0.1015625
5 0.834375 0.525 0.021875 0.10390625
5 0.37265625 0.4390625 0.0234375 0.09609375
5 0.5953125 0.7484375 0.0375 0.121875
5 0.60546875 0.36640625 0.0296875 0.090625
5 0.953125 0.5125 0.025 0.11796875
5 0.7375 0.3640625 0.01875 0.090625
6 0.97890625 0.4265625 0.0234375 0.096875
5 0.196875 0.4875 0.01875 0.08359375
5 0.503125 0.40859375 0.01875 0.09453125
5 0.56640625 0.35703125 0.0265625 0.084375
5 0.978125 0.428125 0.025 0.09609375
5 0.68203125 0.35390625 0.0234375 0.07890625