5 0.49375 0.59140625 0.021875 0.09453125
5 0.3421875 0.5890625 0.01875 0.09296875
5 0.40546875 0.75 0.0265625 0.10546875
6 0.51953125 0.69453125 0.0296875 0.1140625
5 0.7578125 0.696875 0.025 0.10703125
5 0.240625 0.52109375 0.028125 0.0765625
5 0.59296875 0.559375 0.0203125 0.08203125
5 0.49921875 0.48359375 0.0171875 0.06953125
6 0.79921875 0.34453125 0.0171875 0.065625
5 0.52109375 0.69609375 0.0265625 0.10390625
5 0.46796875 0.4875 0.0140625 0.06953125
4 0.24140625 0.51953125 0.0265625 0.078125
5 0.55390625 0.575 0.0234375 0.0875
5 0.53359375 0.5015625 0.0203125 0.07109375
5 0.5390625 0.546875 0.01875 0.078125
5 0.796875 0.34609375 0.01875 0.059375
5 0.5703125 0.5640625 0.01875 0.0765625
5 0.61015625 0.5640625 0.0296875 0.090625