5 0.690625 0.41796875 0.021875 0.07109375
5 0.209375 0.61640625 0.021875 0.09609375
5 0.175 0.590625 0.021875 0.09609375
5 0.5890625 0.45703125 0.01875 0.08046875
5 0.43828125 0.6609375 0.0328125 0.1015625
5 0.8171875 0.57109375 0.021875 0.08359375
5 0.23203125 0.44453125 0.0171875 0.078125
6 0.4390625 0.47890625 0.01875 0.0765625
5 0.021875 0.77109375 0.034375 0.115625
5 0.08359375 0.37109375 0.0140625 0.06796875
5 0.52734375 0.615625 0.0265625 0.08359375
5 0.0171875 0.67890625 0.025 0.09609375
5 0.5796875 0.640625 0.04375 0.090625
5 0.7859375 0.715625 0.034375 0.09453125
5 0.54609375 0.39609375 0.0140625 0.06796875
5 0.37890625 0.3015625 0.0109375 0.05703125
5 0.83671875 0.803125 0.0421875 0.10546875
5 0.2328125 0.30859375 0.0125 0.059375
5 0.0671875 0.20859375 0.015625 0.05390625
2 0.6171875 0.55859375 0.009375 0.015625
6 0.3671875 0.203125 0.0125 0.05