5 0.7515625 0.66953125 0.021875 0.07890625
5 0.83515625 0.67890625 0.0171875 0.08203125
6 0.6890625 0.6890625 0.01875 0.0890625
5 0.76484375 0.55703125 0.0171875 0.0640625
5 0.58203125 0.58203125 0.0234375 0.06640625
5 0.73671875 0.603125 0.0234375 0.07109375
5 0.4078125 0.628125 0.025 0.075
5 0.70390625 0.5859375 0.0234375 0.071875
5 0.55546875 0.55703125 0.0203125 0.0625
5 0.5171875 0.60703125 0.028125 0.07890625
6 0.91875 0.434375 0.015625 0.05390625
5 0.54765625 0.6015625 0.0171875 0.07890625
5 0.70546875 0.5375 0.0171875 0.053125
5 0.603125 0.55859375 0.015625 0.0640625