5 0.49140625 0.60703125 0.0171875 0.090625
5 0.36875 0.45859375 0.015625 0.06953125
5 0.8921875 0.428125 0.01875 0.071875
6 0.315625 0.453125 0.01875 0.071875
5 0.55859375 0.396875 0.0140625 0.065625
5 0.44140625 0.7875 0.0296875 0.10546875
5 0.63984375 0.5265625 0.0171875 0.084375
5 0.27265625 0.49296875 0.0171875 0.078125
5 0.59375 0.39453125 0.015625 0.06640625
5 0.2828125 0.4015625 0.0125 0.06640625
5 0.49765625 0.359375 0.0203125 0.0515625
5 0.0046875 0.45390625 0.009375 0.07109375
5 0.3140625 0.403125 0.015625 0.0640625
5 0.47578125 0.35390625 0.0171875 0.046875
2 0.4671875 0.38203125 0.00625 0.0140625