5 0.415625 0.6109375 0.015625 0.059375
5 0.41796875 0.55859375 0.0203125 0.05
5 0.5890625 0.475 0.015625 0.046875
5 0.4578125 0.8640625 0.040625 0.08359375
5 0.090625 0.5515625 0.01875 0.05703125
5 0.68203125 0.6234375 0.0234375 0.05390625
5 0.3 0.471875 0.009375 0.04609375
5 0.45078125 0.390625 0.0078125 0.040625
5 0.1875 0.4125 0.009375 0.0390625
5 0.13984375 0.45859375 0.0109375 0.046875
5 0.77890625 0.525 0.0140625 0.046875
5 0.56796875 0.37890625 0.0078125 0.034375
5 0.56171875 0.45546875 0.0078125 0.04609375
5 0.70703125 0.42109375 0.0078125 0.0390625
5 0.2609375 0.39140625 0.009375 0.03203125
5 0.8 0.4140625 0.009375 0.04453125
6 0.3671875 0.5140625 0.009375 0.05
5 0.24375 0.48203125 0.0125 0.04609375
5 0.2796875 0.4234375 0.0125 0.04140625
5 0.01171875 0.72109375 0.0234375 0.06953125
2 0.75 0.54453125 0.00625 0.009375
5 0.23125 0.5359375 0.0125 0.0515625
6 0.1875 0.34140625 0.009375 0.034375