5 0.5390625 0.553125 0.015625 0.0640625
6 0.76171875 0.609375 0.0171875 0.0765625
5 0.825 0.5140625 0.0125 0.05703125
5 0.43203125 0.60859375 0.0234375 0.07109375
5 0.68515625 0.54609375 0.0140625 0.0640625
5 0.62890625 0.625 0.0171875 0.075
5 0.50234375 0.59140625 0.0140625 0.0640625
4 0.2859375 0.559375 0.015625 0.06953125
5 0.49765625 0.6640625 0.0234375 0.071875
5 0.403125 0.6984375 0.015625 0.08203125
5 0.46015625 0.5375 0.0140625 0.0640625
5 0.94375 0.521875 0.021875 0.05390625
5 0.6015625 0.5890625 0.015625 0.06640625
5 0.3109375 0.63046875 0.0125 0.078125
5 0.74296875 0.515625 0.0109375 0.05546875
5 0.62578125 0.5484375 0.0140625 0.0640625
5 0.53515625 0.62109375 0.0140625 0.078125
5 0.43515625 0.55546875 0.0109375 0.05859375
5 0.79453125 0.5390625 0.0140625 0.0625
6 0.73515625 0.4515625 0.0109375 0.04609375
2 0.78359375 0.5125 0.0078125 0.0140625