5 0.20546875 0.45 0.0234375 0.1
5 0.89453125 0.778125 0.0296875 0.15703125
5 0.296875 0.503125 0.025 0.115625
5 0.0859375 0.47109375 0.01875 0.1
5 0.415625 0.378125 0.01875 0.0890625
5 0.50546875 0.4375 0.0234375 0.09609375
5 0.36328125 0.44453125 0.0234375 0.1015625
5 0.72578125 0.396875 0.0296875 0.075
5 0.3875 0.36796875 0.015625 0.078125
5 0.446875 0.43046875 0.01875 0.090625
5 0.60234375 0.753125 0.0234375 0.140625
5 0.8109375 0.55859375 0.028125 0.11796875
5 0.46796875 0.421875 0.0234375 0.090625
6 0.4171875 0.603125 0.028125 0.13359375
5 0.39375 0.4140625 0.021875 0.09453125
5 0.4171875 0.603125 0.028125 0.125
5 0.22109375 0.521875 0.0203125 0.10390625
2 0.7515625 0.7765625 0.009375 0.015625
5 0.7703125 0.5484375 0.034375 0.121875