5 0.453125 0.7640625 0.03125 0.10546875
5 0.70859375 0.7140625 0.0296875 0.109375
5 0.75390625 0.69453125 0.0234375 0.10390625
5 0.48203125 0.69453125 0.0296875 0.109375
5 0.2859375 0.51953125 0.03125 0.07890625
5 0.52265625 0.578125 0.0203125 0.08203125
5 0.4625 0.57890625 0.015625 0.090625
4 0.28515625 0.51640625 0.0296875 0.08203125
6 0.48359375 0.69453125 0.0265625 0.10390625
5 0.32421875 0.57890625 0.0171875 0.090625
5 0.490625 0.47109375 0.015625 0.0640625
5 0.47265625 0.496875 0.0171875 0.06796875
5 0.5421875 0.54453125 0.025 0.0765625
5 0.51640625 0.4984375 0.0171875 0.059375
5 0.59375 0.5609375 0.021875 0.09453125
5 0.54765625 0.59453125 0.0234375 0.08203125
5 0.45078125 0.503125 0.0171875 0.06640625
6 0.7875 0.346875 0.015625 0.05546875
4 0.7328125 0.334375 0.015625 0.059375