5 0.334375 0.875 0.034375 0.12890625
5 0.8125 0.56640625 0.021875 0.08359375
5 0.51640625 0.72890625 0.0296875 0.09453125
5 0.91171875 0.390625 0.0171875 0.0640625
5 0.84609375 0.40859375 0.0171875 0.0625
5 0.43125 0.43359375 0.0125 0.0640625
5 0.290625 0.4515625 0.015625 0.07109375
6 0.52265625 0.40703125 0.0171875 0.05390625
5 0.69609375 0.30390625 0.0078125 0.04140625
5 0.30390625 0.371875 0.0109375 0.05546875
5 0.23125 0.5140625 0.015625 0.06953125
5 0.75625 0.375 0.0125 0.05859375
5 0.340625 0.35390625 0.0125 0.053125
5 0.31015625 0.7 0.0234375 0.1015625
5 0.578125 0.33203125 0.009375 0.04609375
5 0.6671875 0.37109375 0.01875 0.0515625
5 0.6171875 0.30390625 0.015625 0.04140625
5 0.9890625 0.5765625 0.021875 0.07890625
5 0.33984375 0.3015625 0.0109375 0.04453125
5 0.51796875 0.30546875 0.0140625 0.040625
5 0.43828125 0.25859375 0.0109375 0.040625
6 0.3625 0.246875 0.009375 0.040625
5 0.3625 0.2484375 0.009375 0.0390625