5 0.62734375 0.43359375 0.0171875 0.0640625
5 0.7765625 0.609375 0.01875 0.08203125
5 0.128125 0.59140625 0.021875 0.09140625
5 0.88046875 0.50390625 0.0171875 0.07890625
5 0.06328125 0.49453125 0.0171875 0.08046875
5 0.459375 0.47890625 0.01875 0.078125
5 0.7921875 0.7015625 0.021875 0.10546875
5 0.18984375 0.4265625 0.0140625 0.06953125
5 0.6 0.365625 0.015625 0.05546875
5 0.26953125 0.42890625 0.0140625 0.06796875
5 0.528125 0.371875 0.015625 0.0515625
5 0.74453125 0.421875 0.0109375 0.065625
6 0.53671875 0.428125 0.0171875 0.06796875
5 0.76328125 0.4125 0.0140625 0.06640625
5 0.54375 0.390625 0.015625 0.05390625
5 0.45234375 0.36640625 0.0171875 0.05703125
5 0.3 0.36796875 0.015625 0.05546875
2 0.4359375 0.390625 0.00625 0.0140625
5 0.19296875 0.37890625 0.0140625 0.05546875
5 0.0046875 0.3765625 0.009375 0.053125
2 0.459375 0.39609375 0.00625 0.0140625