5 0.31015625 0.44140625 0.0296875 0.078125
5 0.31328125 0.29140625 0.0171875 0.07109375
5 0.53203125 0.50859375 0.0203125 0.0875
5 0.16484375 0.38046875 0.0171875 0.08359375
5 0.19375 0.5875 0.025 0.090625
5 0.75703125 0.20703125 0.0171875 0.0625
6 0.47734375 0.434375 0.0171875 0.08359375
5 0.7390625 0.30859375 0.015625 0.06796875
5 0.4984375 0.32109375 0.01875 0.07109375
5 0.81875 0.571875 0.021875 0.10546875
5 0.3703125 0.3015625 0.01875 0.06796875
5 0.3953125 0.46640625 0.021875 0.0765625
5 0.4125 0.7125 0.034375 0.09609375
5 0.4484375 0.209375 0.0125 0.05703125
5 0.13671875 0.5609375 0.0203125 0.084375
5 0.84453125 0.2 0.0140625 0.053125
5 0.83984375 0.5765625 0.0203125 0.1
5 0.38125 0.440625 0.015625 0.071875
5 0.61484375 0.13203125 0.0109375 0.04453125
5 0.453125 0.828125 0.04375 0.09609375
5 0.24609375 0.8609375 0.0359375 0.13203125
2 0.41796875 0.834375 0.0109375 0.01953125
5 0.4875 0.115625 0.009375 0.0375