5 0.884375 0.421875 0.01875 0.065625
5 0.65390625 0.421875 0.0203125 0.06953125
5 0.58125 0.38203125 0.015625 0.06640625
6 0.74375 0.48046875 0.01875 0.078125
5 0.68125 0.4890625 0.021875 0.071875
4 0.22734375 0.38203125 0.0171875 0.06796875
5 0.840625 0.4015625 0.01875 0.06953125
5 0.77890625 0.490625 0.0203125 0.07890625
5 0.671875 0.375 0.0125 0.059375
5 0.18984375 0.571875 0.0203125 0.08046875
5 0.76875 0.3734375 0.015625 0.05390625
5 0.5 0.46796875 0.021875 0.06796875
5 0.471875 0.7265625 0.021875 0.10546875
5 0.93203125 0.32890625 0.0140625 0.05703125
5 0.51328125 0.5640625 0.0265625 0.0765625
5 0.54609375 0.39140625 0.0203125 0.05703125
5 0.3140625 0.50390625 0.021875 0.06953125
5 0.44453125 0.4390625 0.0140625 0.06640625
5 0.7515625 0.35703125 0.0125 0.053125
6 0.7328125 0.278125 0.0125 0.046875
2 0.52265625 0.590625 0.0109375 0.0140625
5 0.74375 0.478125 0.01875 0.07890625
2 0.69765625 0.365625 0.0078125 0.015625