5 0.7859375 0.571875 0.028125 0.1015625
5 0.7015625 0.4640625 0.01875 0.09609375
5 0.64140625 0.74453125 0.0296875 0.11953125
5 0.38125 0.4765625 0.021875 0.0875
5 0.18046875 0.53203125 0.0203125 0.096875
5 0.61796875 0.465625 0.0203125 0.08359375
5 0.65390625 0.4140625 0.0171875 0.09140625
5 0.540625 0.38359375 0.021875 0.08046875
5 0.484375 0.37890625 0.01875 0.090625
5 0.771875 0.4 0.01875 0.08359375
5 0.86796875 0.5390625 0.0203125 0.1125
5 0.64921875 0.6390625 0.0328125 0.10703125
5 0.471875 0.4390625 0.015625 0.0890625
5 0.95234375 0.228125 0.0171875 0.065625
5 0.609375 0.37890625 0.01875 0.0765625
6 0.90390625 0.46640625 0.0296875 0.08359375
5 0.5890625 0.4 0.01875 0.0890625