5 0.38671875 0.66953125 0.0203125 0.084375
5 0.68828125 0.75546875 0.0234375 0.10546875
6 0.53984375 0.728125 0.0203125 0.10703125
5 0.2078125 0.77109375 0.01875 0.10546875
5 0.7546875 0.7125 0.034375 0.090625
5 0.51015625 0.603125 0.0203125 0.0640625
5 0.87890625 0.609375 0.0171875 0.09453125
4 0.24921875 0.51640625 0.0203125 0.071875
5 0.61328125 0.5390625 0.0203125 0.071875
5 0.5640625 0.59296875 0.021875 0.08046875
5 0.6375 0.54140625 0.021875 0.08046875
5 0.85859375 0.4109375 0.0171875 0.05390625
5 0.67265625 0.51796875 0.0203125 0.065625
5 0.54296875 0.565625 0.0171875 0.06796875
5 0.4578125 0.6515625 0.021875 0.075
5 0.53984375 0.72890625 0.0234375 0.103125
5 0.48203125 0.6125 0.0234375 0.06953125
2 0.42578125 0.59453125 0.0078125 0.0125