5 0.54375 0.628125 0.025 0.096875
5 0.603125 0.509375 0.015625 0.0875
5 0.37890625 0.71640625 0.0265625 0.10546875
6 0.428125 0.67890625 0.021875 0.10703125
5 0.49296875 0.559375 0.0203125 0.09296875
5 0.38046875 0.63203125 0.0171875 0.096875
5 0.49921875 0.484375 0.0140625 0.071875
5 0.89609375 0.60859375 0.0140625 0.1
5 0.334375 0.96640625 0.028125 0.065625
5 0.9046875 0.703125 0.021875 0.1140625
5 0.58359375 0.553125 0.0171875 0.0875
5 0.4734375 0.509375 0.015625 0.0640625
5 0.396875 0.521875 0.01875 0.084375
5 0.5578125 0.553125 0.021875 0.090625
5 0.45234375 0.5265625 0.0203125 0.08203125
5 0.465625 0.5515625 0.021875 0.09296875
6 0.71171875 0.3640625 0.0171875 0.0640625
5 0.42890625 0.67890625 0.0234375 0.10546875