5 0.5171875 0.58046875 0.021875 0.090625
5 0.4296875 0.7015625 0.025 0.10546875
5 0.68515625 0.55390625 0.0203125 0.0875
5 0.315625 0.60546875 0.01875 0.09609375
5 0.35234375 0.7375 0.0203125 0.09453125
5 0.56640625 0.525 0.0203125 0.09296875
5 0.51640625 0.703125 0.0203125 0.0875
5 0.41640625 0.559375 0.0203125 0.0890625
5 0.63359375 0.5484375 0.0234375 0.0890625
5 0.88515625 0.40859375 0.0203125 0.0765625
6 0.86015625 0.5515625 0.0203125 0.09609375
5 0.68671875 0.48046875 0.0140625 0.08046875
5 0.6703125 0.4640625 0.015625 0.0765625
5 0.85625 0.36953125 0.015625 0.0640625
6 0.85625 0.36796875 0.015625 0.0625
5 0.859375 0.55390625 0.021875 0.09296875