6 0.5234375 0.58359375 0.01875 0.08359375
5 0.84140625 0.46953125 0.0171875 0.071875
5 0.08984375 0.79296875 0.0265625 0.10859375
4 0.34453125 0.4 0.0203125 0.0640625
5 0.28671875 0.62890625 0.0171875 0.08359375
5 0.79375 0.61640625 0.015625 0.09453125
5 0.6625 0.846875 0.021875 0.109375
5 0.51484375 0.4515625 0.0140625 0.06640625
5 0.53046875 0.43203125 0.0140625 0.05859375
6 0.790625 0.30390625 0.0125 0.04609375
5 0.5875 0.44453125 0.01875 0.06640625
5 0.61171875 0.40859375 0.0171875 0.06796875
5 0.34453125 0.4 0.0203125 0.06640625
5 0.5953125 0.40390625 0.015625 0.0625
5 0.565625 0.4265625 0.01875 0.071875
5 0.62734375 0.43203125 0.0140625 0.08359375
5 0.54921875 0.428125 0.0171875 0.0640625