6 0.646875 0.6609375 0.015625 0.06640625
5 0.39296875 0.65703125 0.0171875 0.0640625
5 0.78515625 0.575 0.0203125 0.04609375
5 0.53515625 0.571875 0.0140625 0.053125
5 0.50078125 0.75 0.0140625 0.06953125
4 0.2390625 0.56953125 0.015625 0.05703125
5 0.559375 0.6515625 0.01875 0.0625
5 0.42421875 0.70859375 0.0234375 0.075
5 0.60390625 0.640625 0.0203125 0.053125
5 0.44296875 0.603125 0.0109375 0.059375
5 0.69375 0.59140625 0.0125 0.05390625
5 0.55859375 0.5515625 0.0140625 0.04609375
5 0.81875 0.64140625 0.009375 0.0640625
5 0.7265625 0.7984375 0.025 0.07890625
5 0.59453125 0.603125 0.0234375 0.04609375
5 0.94921875 0.59140625 0.0140625 0.05390625
5 0.9375 0.60546875 0.0125 0.05546875
5 0.63046875 0.50703125 0.0078125 0.0390625
5 0.5703125 0.61640625 0.009375 0.05546875
5 0.640625 0.4875 0.009375 0.034375
6 0.640625 0.4890625 0.009375 0.034375
2 0.41484375 0.740625 0.0078125 0.0125
5 0.56015625 0.60390625 0.0109375 0.04609375