5 0.72578125 0.5640625 0.0296875 0.08046875
5 0.4859375 0.6515625 0.034375 0.09296875
5 0.68984375 0.41796875 0.0171875 0.07109375
5 0.15234375 0.446875 0.0171875 0.06796875
5 0.3484375 0.515625 0.021875 0.08046875
6 0.39296875 0.47109375 0.0265625 0.078125
5 0.5546875 0.3765625 0.015625 0.0625
5 0.4375 0.4890625 0.021875 0.078125
5 0.0078125 0.440625 0.015625 0.07109375
5 0.60625 0.378125 0.015625 0.059375
5 0.61953125 0.41953125 0.0234375 0.0640625
5 0.4234375 0.415625 0.01875 0.06953125
5 0.40390625 0.40859375 0.0140625 0.065625
2 0.01328125 0.47109375 0.0078125 0.0125
5 0.571875 0.7875 0.021875 0.109375
2 0.39765625 0.43359375 0.0078125 0.025