5 0.5578125 0.6765625 0.03125 0.1265625
5 0.45390625 0.4390625 0.0265625 0.096875
5 0.053125 0.87109375 0.034375 0.146875
5 0.43984375 0.590625 0.0296875 0.10546875
5 0.40078125 0.6640625 0.0265625 0.146875
5 0.16640625 0.625 0.0421875 0.13046875
5 0.84140625 0.64453125 0.0296875 0.115625
5 0.27578125 0.41953125 0.0234375 0.10703125
5 0.3359375 0.53046875 0.021875 0.1125
5 0.784375 0.6140625 0.034375 0.115625
5 0.7421875 0.365625 0.021875 0.084375
6 0.165625 0.625 0.040625 0.125
2 0.52890625 0.403125 0.0078125 0.015625