5 0.70390625 0.515625 0.0234375 0.0890625
5 0.65 0.609375 0.021875 0.09140625
5 0.48125 0.6375 0.01875 0.10390625
5 0.58359375 0.55859375 0.0203125 0.09296875
5 0.96015625 0.625 0.0265625 0.115625
5 0.77265625 0.49140625 0.0203125 0.09296875
5 0.665625 0.6859375 0.01875 0.10390625
5 0.63203125 0.61953125 0.0203125 0.09296875
5 0.50546875 0.584375 0.0171875 0.0875
5 0.34765625 0.628125 0.0203125 0.07890625
5 0.31875 0.59609375 0.015625 0.07109375
5 0.3578125 0.7015625 0.028125 0.1
5 0.33515625 0.703125 0.0296875 0.1
5 0.94765625 0.4390625 0.0203125 0.078125
5 0.534375 0.5890625 0.01875 0.09609375
5 0.96484375 0.43203125 0.0203125 0.07109375