5 0.5953125 0.65859375 0.021875 0.053125
5 0.57109375 0.5765625 0.0109375 0.05
5 0.13671875 0.6265625 0.0140625 0.05546875
5 0.25078125 0.5234375 0.0109375 0.04140625
5 0.290625 0.4640625 0.00625 0.0375
5 0.44296875 0.5375 0.0109375 0.0375
5 0.46328125 0.80859375 0.0203125 0.075
5 0.87578125 0.46640625 0.0078125 0.034375
5 0.85703125 0.571875 0.0109375 0.05
6 0.50546875 0.52890625 0.0109375 0.040625
5 0.46875 0.51640625 0.0125 0.0390625
5 0.31171875 0.4390625 0.0078125 0.03203125
5 0.73984375 0.475 0.0078125 0.03359375
5 0.50859375 0.4375 0.0078125 0.03046875
5 0.38203125 0.4140625 0.0078125 0.028125
5 0.465625 0.48359375 0.009375 0.0390625
5 0.68203125 0.43203125 0.0078125 0.028125
5 0.51796875 0.50703125 0.0109375 0.03203125
5 0.60625 0.48203125 0.009375 0.03359375
5 0.46875 0.44453125 0.00625 0.03203125
5 0.3859375 0.4765625 0.00625 0.03359375
6 0.34453125 0.3875 0.0078125 0.0265625