5 0.49453125 0.6875 0.0203125 0.053125
5 0.1875 0.59453125 0.0125 0.05
5 0.41640625 0.540625 0.0109375 0.04453125
5 0.30625 0.4640625 0.009375 0.0390625
5 0.484375 0.53359375 0.0125 0.0390625
5 0.484375 0.478125 0.009375 0.0375
5 0.3296875 0.44140625 0.00625 0.03359375
5 0.50390625 0.53203125 0.0078125 0.04453125
5 0.86640625 0.57890625 0.0109375 0.05390625
5 0.89609375 0.471875 0.0078125 0.0390625
5 0.25546875 0.52109375 0.0078125 0.04296875
5 0.59375 0.55703125 0.009375 0.04609375
5 0.7421875 0.4734375 0.00625 0.0390625
5 0.70859375 0.434375 0.0078125 0.03203125
5 0.39375 0.4140625 0.00625 0.028125
5 0.39375 0.47890625 0.00625 0.034375
6 0.5484375 0.53203125 0.009375 0.04140625
5 0.60625 0.4765625 0.00625 0.0375
5 0.50390625 0.440625 0.0078125 0.034375
5 0.36328125 0.3859375 0.0078125 0.0265625
5 0.5078125 0.39296875 0.00625 0.025
5 0.5078125 0.8125 0.01875 0.09609375