5 0.359375 0.82109375 0.03125 0.13359375
5 0.0359375 0.665625 0.028125 0.1140625
5 0.85234375 0.665625 0.0296875 0.11796875
6 0.53515625 0.590625 0.0234375 0.11640625
5 0.83828125 0.31953125 0.0171875 0.078125
5 0.51171875 0.74609375 0.0265625 0.11796875
5 0.703125 0.421875 0.025 0.08046875
5 0.18046875 0.55859375 0.0234375 0.103125
5 0.86796875 0.56953125 0.0234375 0.1015625
5 0.98515625 0.43359375 0.0234375 0.090625
5 0.32578125 0.4015625 0.0203125 0.09140625
5 0.48828125 0.275 0.0171875 0.065625
5 0.96328125 0.734375 0.0265625 0.140625
5 0.12734375 0.521875 0.0203125 0.10390625
5 0.634375 0.2 0.015625 0.05546875
5 0.46015625 0.46796875 0.0234375 0.1
6 0.59375 0.1640625 0.0125 0.0515625
5 0.5359375 0.590625 0.025 0.1125
2 0.640625 0.2234375 0.00625 0.009375