5 0.5171875 0.525 0.028125 0.0890625
5 0.6453125 0.48359375 0.028125 0.08203125
5 0.54609375 0.4765625 0.0171875 0.084375
5 0.28359375 0.559375 0.0171875 0.090625
5 0.7046875 0.49453125 0.025 0.08203125
5 0.359375 0.728125 0.025 0.103125
5 0.41171875 0.69453125 0.0234375 0.10859375
5 0.3796875 0.525 0.01875 0.084375
5 0.46171875 0.67890625 0.0203125 0.10703125
5 0.615625 0.421875 0.01875 0.078125
5 0.83359375 0.365625 0.0171875 0.06953125
5 0.6609375 0.434375 0.015625 0.071875
4 0.20234375 0.49453125 0.0203125 0.08046875
6 0.80859375 0.49140625 0.0234375 0.08359375
5 0.8609375 0.359375 0.015625 0.065625
5 0.359375 0.49140625 0.01875 0.07890625
6 0.78046875 0.3265625 0.0140625 0.0625
2 0.4921875 0.55703125 0.00625 0.015625
5 0.7796875 0.328125 0.015625 0.05859375