5 0.546875 0.76640625 0.01875 0.075
5 0.57421875 0.590625 0.0171875 0.046875
5 0.45546875 0.69140625 0.0171875 0.071875
5 0.896875 0.59140625 0.0125 0.05703125
5 0.7796875 0.79453125 0.025 0.07890625
5 0.64296875 0.57109375 0.0140625 0.0515625
5 0.7765625 0.565625 0.015625 0.04609375
5 0.9484375 0.584375 0.0125 0.05546875
5 0.4484375 0.609375 0.015625 0.05703125
5 0.4 0.6515625 0.015625 0.0625
5 0.790625 0.63046875 0.009375 0.0625
4 0.2140625 0.5640625 0.0125 0.05546875
5 0.61640625 0.49609375 0.0109375 0.0375
5 0.615625 0.62109375 0.01875 0.053125
5 0.51640625 0.6015625 0.0171875 0.05546875
5 0.5015625 0.590625 0.01875 0.046875
5 0.634375 0.47890625 0.009375 0.03359375
5 0.6 0.609375 0.009375 0.05390625
5 0.65703125 0.64296875 0.0140625 0.0625
5 0.53515625 0.55859375 0.0140625 0.04609375
5 0.54609375 0.55390625 0.0109375 0.0515625
6 0.63515625 0.47890625 0.0109375 0.0375