5 0.46328125 0.609375 0.0171875 0.071875
5 0.75390625 0.58046875 0.0171875 0.07109375
5 0.98671875 0.65390625 0.0265625 0.09140625
5 0.40625 0.578125 0.021875 0.07109375
5 0.44296875 0.575 0.0171875 0.0765625
5 0.61328125 0.54609375 0.0140625 0.07109375
5 0.43515625 0.5015625 0.0140625 0.06953125
5 0.4625 0.46953125 0.0125 0.05390625
5 0.390625 0.4765625 0.015625 0.0765625
5 0.7953125 0.55 0.0125 0.08046875
5 0.5046875 0.49609375 0.015625 0.06640625
2 0.509375 0.89140625 0.00625 0.015625
5 0.29453125 0.6125 0.0203125 0.084375
5 0.45546875 0.5390625 0.0171875 0.06640625
5 0.51640625 0.521875 0.0140625 0.065625