5 0.33046875 0.88359375 0.0359375 0.15546875
5 0.58125 0.390625 0.028125 0.09609375
5 0.5890625 0.60859375 0.028125 0.14296875
5 0.528125 0.56953125 0.028125 0.121875
5 0.18359375 0.39609375 0.0171875 0.09609375
5 0.52578125 0.4390625 0.0359375 0.1015625
5 0.42734375 0.35 0.0265625 0.09140625
5 0.12578125 0.396875 0.0203125 0.09453125
5 0.65859375 0.428125 0.0203125 0.09140625
4 0.71640625 0.4 0.0203125 0.08203125
5 0.71640625 0.4 0.0203125 0.084375
2 0.3328125 0.3265625 0.01875 0.025
5 0.3328125 0.3265625 0.01875 0.025