5 0.734375 0.725 0.028125 0.13359375
5 0.19765625 0.478125 0.0234375 0.103125
5 0.703125 0.6015625 0.03125 0.11953125
5 0.07890625 0.5015625 0.0203125 0.1
5 0.34140625 0.52109375 0.0203125 0.10703125
5 0.60703125 0.765625 0.0265625 0.14140625
5 0.609375 0.45390625 0.021875 0.09609375
5 0.471875 0.40390625 0.021875 0.090625
5 0.5171875 0.415625 0.028125 0.0875
5 0.403125 0.40390625 0.01875 0.09140625
5 0.5734375 0.43359375 0.01875 0.09140625
5 0.221875 0.5515625 0.025 0.11640625
5 0.43671875 0.4625 0.0140625 0.0875
6 0.41328125 0.6140625 0.0234375 0.11953125
5 0.74375 0.59140625 0.025 0.14296875
5 0.78359375 0.58203125 0.0234375 0.11640625
2 0.48203125 0.515625 0.0078125 0.0125
5 0.8421875 0.45546875 0.025 0.06796875