5 0.4078125 0.74140625 0.015625 0.0625
5 0.44375 0.6859375 0.015625 0.05703125
5 0.65546875 0.590625 0.0140625 0.04609375
5 0.92890625 0.74296875 0.0203125 0.07109375
5 0.59765625 0.6 0.0140625 0.04609375
5 0.54921875 0.66953125 0.0171875 0.05703125
5 0.40859375 0.6140625 0.0140625 0.053125
5 0.79921875 0.653125 0.0109375 0.05859375
5 0.93671875 0.62890625 0.0109375 0.05859375
5 0.5109375 0.784375 0.021875 0.06953125
5 0.57734375 0.671875 0.0140625 0.0640625
5 0.46875 0.56953125 0.009375 0.04140625
4 0.2171875 0.5890625 0.0125 0.05546875
5 0.8703125 0.59140625 0.015625 0.04453125
5 0.325 0.671875 0.015625 0.05703125
5 0.67578125 0.60859375 0.0140625 0.05546875
5 0.58203125 0.521875 0.0109375 0.03046875
5 0.34140625 0.70546875 0.0140625 0.065625
5 0.4390625 0.6375 0.0125 0.03046875
5 0.48359375 0.59296875 0.0140625 0.05
5 0.496875 0.57109375 0.0125 0.04140625
5 0.5984375 0.50546875 0.009375 0.03359375
5 0.56875 0.62890625 0.015625 0.04140625
6 0.59921875 0.50390625 0.0109375 0.03203125