5 0.3859375 0.62890625 0.015625 0.1
5 0.24296875 0.5375 0.0203125 0.07109375
6 0.85625 0.3765625 0.015625 0.05859375
5 0.60703125 0.4984375 0.0171875 0.071875
4 0.24375 0.53359375 0.01875 0.07109375
5 0.325 0.7640625 0.025 0.10390625
5 0.60234375 0.62890625 0.0234375 0.1015625
5 0.803125 0.7515625 0.021875 0.12109375
5 0.628125 0.56953125 0.01875 0.08203125
5 0.5703125 0.5515625 0.025 0.084375
5 0.54296875 0.6015625 0.0234375 0.090625
5 0.5828125 0.7265625 0.021875 0.1140625
5 0.58984375 0.49609375 0.0140625 0.065625
6 0.5828125 0.72890625 0.01875 0.1125
5 0.56875 0.484375 0.0125 0.0640625
5 0.57734375 0.634375 0.0203125 0.0875