5 0.47109375 0.6375 0.0328125 0.084375
5 0.49609375 0.46953125 0.0265625 0.07890625
6 0.42734375 0.459375 0.0203125 0.0765625
5 0.74609375 0.40703125 0.0265625 0.06953125
5 0.76328125 0.54609375 0.0328125 0.0890625
5 0.64296875 0.75859375 0.0234375 0.115625
5 0.37265625 0.5 0.0203125 0.08203125
5 0.490625 0.396875 0.021875 0.06796875
5 0.21328125 0.41796875 0.0109375 0.0625
5 0.6109375 0.35390625 0.025 0.053125
5 0.4421875 0.39609375 0.015625 0.06640625
5 0.6328125 0.403125 0.021875 0.05859375
5 0.571875 0.353125 0.015625 0.05546875
5 0.075 0.371875 0.01875 0.059375
5 0.0265625 0.32890625 0.015625 0.0515625
5 0.0921875 0.40703125 0.0125 0.065625
2 0.209375 0.446875 0.009375 0.025
2 0.65625 0.38359375 0.00625 0.0125
2 0.55703125 0.378125 0.0078125 0.01640625
2 0.08671875 0.440625 0.0109375 0.01640625