5 0.609375 0.7609375 0.03125 0.14453125
5 0.20390625 0.45859375 0.0265625 0.09609375
5 0.30703125 0.5140625 0.0234375 0.10703125
5 0.5 0.4390625 0.034375 0.103125
5 0.0859375 0.48046875 0.01875 0.1
5 0.73515625 0.40703125 0.0265625 0.07890625
5 0.53671875 0.44453125 0.0203125 0.09296875
5 0.4015625 0.43359375 0.03125 0.09296875
5 0.4328125 0.39140625 0.025 0.0890625
5 0.75234375 0.55390625 0.0234375 0.11796875
6 0.41171875 0.5984375 0.0234375 0.11640625
5 0.221875 0.53359375 0.021875 0.109375
5 0.45390625 0.43203125 0.0203125 0.090625
5 0.80546875 0.565625 0.0359375 0.140625
5 0.7703125 0.73203125 0.046875 0.10546875
5 0.7703125 0.55546875 0.028125 0.128125