5 0.5375 0.7265625 0.034375 0.096875
5 0.89375 0.390625 0.021875 0.065625
6 0.5234375 0.41640625 0.01875 0.059375
5 0.1421875 0.53359375 0.021875 0.078125
5 0.36796875 0.44609375 0.0171875 0.06640625
5 0.8046875 0.584375 0.025 0.0890625
5 0.81953125 0.425 0.0265625 0.0640625
5 0.3203125 0.903125 0.0375 0.11796875
5 0.72578125 0.359375 0.0171875 0.05390625
5 0.21875 0.390625 0.0125 0.065625
5 0.21796875 0.47890625 0.0203125 0.075
5 0.6546875 0.375 0.015625 0.05546875
5 0.2359375 0.7515625 0.021875 0.109375
5 0.66015625 0.31640625 0.0140625 0.04296875
5 0.27109375 0.3125 0.0109375 0.05
5 0.49296875 0.32890625 0.0109375 0.0515625
5 0.54140625 0.35703125 0.0109375 0.0515625
5 0.63125 0.315625 0.015625 0.04296875
5 0.39765625 0.27109375 0.0140625 0.04453125
6 0.2703125 0.25703125 0.0125 0.04453125
2 0.20625 0.5125 0.009375 0.015625
5 0.26328125 0.3734375 0.0109375 0.05703125
2 0.7921875 0.61640625 0.00625 0.01796875
2 0.39765625 0.271875 0.0140625 0.0375