5 0.69609375 0.490625 0.0328125 0.07890625
5 0.784375 0.3265625 0.01875 0.08046875
5 0.44140625 0.175 0.0171875 0.065625
5 0.3125 0.48203125 0.025 0.10390625
5 0.27890625 0.2875 0.0171875 0.08359375
5 0.5453125 0.328125 0.01875 0.06640625
5 0.30859375 0.3 0.0203125 0.075
5 0.2296875 0.7640625 0.03125 0.128125
5 0.03515625 0.4515625 0.0234375 0.10546875
5 0.1234375 0.49296875 0.021875 0.103125
5 0.94765625 0.2 0.0140625 0.0640625
5 0.53125 0.68203125 0.028125 0.09140625
5 0.47890625 0.7140625 0.0203125 0.11796875
5 0.23125 0.659375 0.028125 0.11796875
6 0.47578125 0.4625 0.0171875 0.09453125
5 0.646875 0.0859375 0.009375 0.0515625
5 0.79140625 0.65 0.0234375 0.128125
5 0.265625 0.85703125 0.034375 0.14609375
5 0.55703125 0.65703125 0.0328125 0.096875
5 0.78515625 0.184375 0.0171875 0.06953125
2 0.6359375 0.59609375 0.009375 0.01640625
6 0.51796875 0.046875 0.0109375 0.04609375
6 0.87890625 0.81640625 0.0359375 0.15703125