5 0.64296875 0.70703125 0.0359375 0.15859375
5 0.58515625 0.57890625 0.0296875 0.1375
5 0.715625 0.553125 0.028125 0.13359375
5 0.20859375 0.54453125 0.0328125 0.1390625
5 0.05546875 0.509375 0.0203125 0.1140625
5 0.44609375 0.49609375 0.0328125 0.103125
5 0.775 0.65703125 0.028125 0.14453125
5 0.38203125 0.40859375 0.0234375 0.11640625
5 0.8703125 0.528125 0.025 0.11953125
5 0.19296875 0.4765625 0.0234375 0.10859375
5 0.58515625 0.41640625 0.0203125 0.10390625
6 0.415625 0.57890625 0.025 0.12890625
5 0.70234375 0.7765625 0.0421875 0.1390625
5 0.66640625 0.41953125 0.0234375 0.10546875
5 0.45703125 0.390625 0.0171875 0.1
5 0.7484375 0.428125 0.028125 0.10390625
5 0.9203125 0.44609375 0.01875 0.090625