5 0.6046875 0.48359375 0.025 0.071875
5 0.428125 0.50546875 0.021875 0.078125
5 0.390625 0.41796875 0.01875 0.075
5 0.53671875 0.653125 0.0234375 0.09453125
5 0.7875 0.43359375 0.01875 0.065625
6 0.5140625 0.471875 0.021875 0.0765625
5 0.44296875 0.390625 0.0109375 0.0625
5 0.2703125 0.3734375 0.015625 0.06640625
5 0.05234375 0.4859375 0.0203125 0.084375
5 0.18046875 0.4640625 0.0234375 0.075
5 0.88359375 0.8 0.0234375 0.115625
5 0.59375 0.37890625 0.025 0.0625
5 0.690625 0.4125 0.01875 0.05703125
5 0.88515625 0.4375 0.0234375 0.06640625
5 0.29296875 0.39140625 0.0140625 0.06953125
5 0.9765625 0.59609375 0.025 0.1
5 0.18671875 0.4140625 0.0140625 0.059375
5 0.35546875 0.33359375 0.0109375 0.05546875
5 0.709375 0.3609375 0.0125 0.05390625
5 0.23515625 0.30390625 0.0109375 0.046875
6 0.61875 0.3140625 0.0125 0.0515625
2 0.5828125 0.40390625 0.00625 0.02109375