6 0.87265625 0.59140625 0.0234375 0.09296875
5 0.7578125 0.65859375 0.0375 0.08046875
5 0.71171875 0.5265625 0.0296875 0.0875
5 0.60390625 0.47109375 0.0171875 0.07890625
5 0.58828125 0.665625 0.0328125 0.096875
5 0.2390625 0.728125 0.028125 0.1140625
5 0.38359375 0.64609375 0.0203125 0.10390625
5 0.646875 0.7640625 0.021875 0.10390625
5 0.46171875 0.5640625 0.0171875 0.09609375
5 0.32890625 0.459375 0.0203125 0.06640625
5 0.57890625 0.47890625 0.0203125 0.0765625
5 0.65 0.57109375 0.021875 0.0765625
5 0.565625 0.5125 0.028125 0.090625
5 0.66171875 0.690625 0.0265625 0.06953125
5 0.9015625 0.32890625 0.01875 0.05390625
5 0.6796875 0.55390625 0.021875 0.08046875
6 0.903125 0.328125 0.01875 0.05546875
5 0.9921875 0.83203125 0.015625 0.10390625