5 0.8640625 0.61640625 0.01875 0.096875
5 0.81796875 0.71640625 0.0234375 0.10546875
5 0.67421875 0.7640625 0.0203125 0.10390625
5 0.19453125 0.78203125 0.0203125 0.10546875
5 0.5828125 0.55 0.01875 0.07890625
5 0.521875 0.596875 0.015625 0.071875
5 0.61953125 0.540625 0.0171875 0.0765625
4 0.2359375 0.53203125 0.021875 0.06640625
5 0.55859375 0.73203125 0.0265625 0.1
5 0.375 0.6765625 0.01875 0.09609375
5 0.64609375 0.54453125 0.0171875 0.0765625
5 0.61953125 0.6109375 0.0203125 0.08203125
5 0.671875 0.52109375 0.015625 0.0765625
6 0.85859375 0.415625 0.0171875 0.05703125
5 0.5625 0.578125 0.021875 0.084375
5 0.4484375 0.653125 0.021875 0.090625
5 0.46640625 0.6265625 0.0234375 0.078125
5 0.54765625 0.590625 0.0171875 0.084375