5 0.71171875 0.59453125 0.0234375 0.08359375
5 0.43046875 0.7859375 0.0328125 0.096875
5 0.49453125 0.709375 0.0234375 0.09609375
6 0.20546875 0.546875 0.0265625 0.071875
5 0.56640625 0.52109375 0.0171875 0.06796875
5 0.3859375 0.49453125 0.025 0.065625
5 0.2546875 0.50859375 0.015625 0.0640625
5 0.115625 0.5140625 0.021875 0.06640625
5 0.27890625 0.959375 0.0296875 0.07890625
4 0.86796875 0.53046875 0.0140625 0.07109375
5 0.54296875 0.578125 0.0171875 0.08046875
5 0.040625 0.4625 0.01875 0.05546875
5 0.35234375 0.428125 0.0171875 0.05
2 0.4109375 0.45546875 0.00625 0.0125
2 0.121875 0.54296875 0.00625 0.015625