6 0.81015625 0.5640625 0.0234375 0.09453125
5 0.559375 0.459375 0.01875 0.07890625
5 0.3421875 0.60546875 0.025 0.09609375
5 0.178125 0.6765625 0.021875 0.109375
5 0.59140625 0.56640625 0.0265625 0.0890625
5 0.428125 0.534375 0.01875 0.09453125
5 0.6515625 0.49609375 0.01875 0.07890625
5 0.6734375 0.734375 0.028125 0.10859375
4 0.328125 0.446875 0.021875 0.078125
5 0.69765625 0.675 0.0328125 0.096875
5 0.63515625 0.6265625 0.0203125 0.09296875
5 0.65859375 0.659375 0.0265625 0.0765625
5 0.553125 0.5890625 0.025 0.07890625
5 0.328125 0.446875 0.021875 0.071875
5 0.52265625 0.4890625 0.0203125 0.0890625
6 0.86328125 0.31640625 0.0171875 0.05703125
5 0.60546875 0.521875 0.0171875 0.07890625
2 0.53828125 0.615625 0.0078125 0.01640625
2 0.64375 0.696875 0.0125 0.01640625