5 0.36171875 0.60546875 0.0171875 0.09296875
5 0.36328125 0.75 0.0265625 0.103125
5 0.57265625 0.5375 0.0203125 0.071875
5 0.7890625 0.725 0.025 0.1125
5 0.61875 0.54140625 0.01875 0.07890625
6 0.55703125 0.70859375 0.0203125 0.1
6 0.825 0.35390625 0.015625 0.0625
5 0.53203125 0.49453125 0.0203125 0.078125
5 0.55703125 0.70859375 0.0203125 0.096875
5 0.58046875 0.6 0.0265625 0.084375
5 0.56328125 0.484375 0.0140625 0.059375
5 0.5359375 0.6140625 0.021875 0.0875
5 0.5015625 0.49140625 0.015625 0.0765625
5 0.5984375 0.578125 0.01875 0.06640625
5 0.55078125 0.5765625 0.0234375 0.084375
5 0.61796875 0.5984375 0.0234375 0.084375
5 0.55 0.51953125 0.01875 0.06953125