5 0.28359375 0.409375 0.0171875 0.059375
6 0.6453125 0.490625 0.01875 0.0765625
5 0.1328125 0.6 0.01875 0.09453125
5 0.5875 0.553125 0.021875 0.090625
5 0.50234375 0.43359375 0.0171875 0.065625
5 0.51953125 0.33203125 0.0171875 0.0515625
5 0.0890625 0.5890625 0.021875 0.08203125
5 0.328125 0.45 0.015625 0.06640625
5 0.13359375 0.484375 0.0265625 0.071875
5 0.4515625 0.3515625 0.015625 0.05390625
5 0.42109375 0.39140625 0.0171875 0.05859375
5 0.87265625 0.715625 0.0234375 0.103125
5 0.6 0.378125 0.0125 0.05703125
5 0.6765625 0.52890625 0.01875 0.075
5 0.70859375 0.36640625 0.0171875 0.05703125
5 0.86328125 0.371875 0.0203125 0.04609375
5 0.95078125 0.490625 0.0171875 0.071875
5 0.4046875 0.3 0.0125 0.046875