5 0.54453125 0.553125 0.0265625 0.1125
5 0.959375 0.50546875 0.03125 0.12109375
5 0.759375 0.50546875 0.028125 0.10859375
5 0.665625 0.45546875 0.021875 0.10546875
5 0.4859375 0.7625 0.0375 0.14609375
5 0.7703125 0.4375 0.021875 0.07109375
5 0.30390625 0.45546875 0.0234375 0.103125
5 0.8375 0.33203125 0.01875 0.09140625
5 0.88359375 0.32109375 0.0234375 0.08359375
5 0.5984375 0.421875 0.01875 0.1
5 0.6515625 0.35546875 0.021875 0.08046875
5 0.2 0.478125 0.021875 0.09453125
5 0.625 0.340625 0.01875 0.0765625
2 0.71015625 0.44296875 0.0109375 0.015625