5 0.4328125 0.73203125 0.015625 0.065625
5 0.47109375 0.628125 0.0109375 0.05703125
5 0.33671875 0.6609375 0.0171875 0.0640625
5 0.7859375 0.6390625 0.0125 0.05859375
6 0.5890625 0.659375 0.01875 0.06796875
5 0.6625 0.59453125 0.015625 0.05
5 0.69921875 0.578125 0.0109375 0.0515625
5 0.60859375 0.784375 0.0265625 0.075
5 0.93671875 0.71796875 0.0140625 0.07109375
5 0.58828125 0.65859375 0.0171875 0.06796875
5 0.5328125 0.59453125 0.015625 0.046875
5 0.6015625 0.5984375 0.0125 0.046875
5 0.4875 0.66953125 0.0125 0.059375
5 0.35390625 0.70546875 0.0140625 0.07109375
5 0.40703125 0.5984375 0.0109375 0.05703125
5 0.909375 0.609375 0.009375 0.05859375
5 0.88125 0.58359375 0.009375 0.0515625
5 0.596875 0.509375 0.009375 0.0375
4 0.2140625 0.5765625 0.0125 0.05390625
5 0.51328125 0.56640625 0.0109375 0.046875
5 0.5796875 0.609375 0.0125 0.046875
5 0.52578125 0.5515625 0.0140625 0.040625
5 0.55 0.646875 0.0125 0.0625
6 0.60625 0.49140625 0.009375 0.03359375