5 0.590625 0.47890625 0.021875 0.07890625
6 0.4890625 0.46953125 0.025 0.08203125
5 0.40390625 0.50859375 0.0171875 0.08203125
5 0.91875 0.58046875 0.021875 0.1
5 0.47734375 0.653125 0.0328125 0.084375
5 0.3453125 0.42109375 0.021875 0.08046875
5 0.85703125 0.42890625 0.0265625 0.075
5 0.60546875 0.371875 0.0171875 0.06796875
5 0.62890625 0.4015625 0.0203125 0.065625
5 0.4265625 0.39140625 0.021875 0.05703125
5 0.03125 0.50390625 0.015625 0.09296875
6 0.17265625 0.3140625 0.0140625 0.05546875
5 0.81328125 0.79140625 0.0265625 0.1265625
5 0.7453125 0.40703125 0.021875 0.065625
5 0.2203125 0.365625 0.0125 0.053125
5 0.1140625 0.47890625 0.021875 0.08359375
5 0.27421875 0.34140625 0.0109375 0.0515625
5 0.69609375 0.3625 0.0171875 0.05859375
2 0.41640625 0.41953125 0.0078125 0.01640625
5 0.22421875 0.39609375 0.0203125 0.07109375
2 0.46640625 0.68359375 0.0109375 0.015625
2 0.21640625 0.42890625 0.0078125 0.0140625