5 0.64375 0.565625 0.021875 0.05546875
5 0.84375 0.70859375 0.025 0.0890625
6 0.7796875 0.640625 0.01875 0.084375
5 0.296875 0.69453125 0.01875 0.0875
5 0.8640625 0.5515625 0.0125 0.06640625
5 0.6953125 0.521875 0.01875 0.05703125
5 0.62109375 0.6625 0.0171875 0.084375
5 0.390625 0.62890625 0.025 0.07890625
5 0.82265625 0.54453125 0.0203125 0.0640625
5 0.46953125 0.58359375 0.0234375 0.071875
5 0.41796875 0.65390625 0.0203125 0.090625
5 0.5875 0.621875 0.01875 0.078125
5 0.5375 0.59140625 0.015625 0.0765625
5 0.4015625 0.69453125 0.01875 0.084375
5 0.7171875 0.5375 0.01875 0.06640625
5 0.3171875 0.665625 0.015625 0.07890625
5 0.74140625 0.465625 0.0140625 0.05390625
4 0.2375 0.5875 0.015625 0.075
5 0.78828125 0.4890625 0.0109375 0.04453125
5 0.40625 0.603125 0.01875 0.06640625