5 0.67578125 0.6765625 0.0203125 0.103125
5 0.753125 0.5140625 0.01875 0.09453125
5 0.28984375 0.690625 0.0203125 0.1
5 0.35625 0.68359375 0.021875 0.090625
5 0.41796875 0.65390625 0.0265625 0.10859375
5 0.63984375 0.528125 0.0171875 0.08203125
5 0.990625 0.5640625 0.01875 0.09140625
5 0.86953125 0.4609375 0.0203125 0.0765625
5 0.571875 0.64140625 0.021875 0.090625
5 0.59453125 0.6265625 0.0234375 0.10390625
5 0.3421875 0.65703125 0.025 0.09609375
5 0.51328125 0.5875 0.0203125 0.07890625
5 0.53828125 0.56796875 0.0171875 0.08046875
5 0.89609375 0.4375 0.0171875 0.0625
5 0.93359375 0.66796875 0.0171875 0.090625
6 0.93359375 0.67109375 0.0171875 0.08203125
5 0.49609375 0.603125 0.0171875 0.071875