5 0.77734375 0.51640625 0.0296875 0.10859375
5 0.54375 0.5625 0.025 0.103125
5 0.72578125 0.4375 0.0296875 0.1015625
5 0.96875 0.365625 0.025 0.09609375
5 0.52421875 0.74453125 0.0296875 0.12890625
5 0.828125 0.3375 0.025 0.07109375
5 0.95625 0.50703125 0.025 0.11640625
5 0.3234375 0.4390625 0.01875 0.1015625
5 0.63515625 0.4390625 0.0203125 0.09609375
5 0.759375 0.33359375 0.025 0.06953125
5 0.184375 0.47109375 0.021875 0.0890625
2 0.67421875 0.3890625 0.0078125 0.015625
5 0.52578125 0.415625 0.0234375 0.096875
5 0.5796875 0.35859375 0.021875 0.059375
5 0.54375 0.38203125 0.025 0.0625
5 0.96796875 0.44140625 0.0203125 0.1