5 0.36953125 0.834375 0.0328125 0.1640625
5 0.44609375 0.32890625 0.0171875 0.09140625
5 0.22109375 0.35859375 0.0265625 0.1
5 0.653125 0.55390625 0.025 0.125
6 0.17734375 0.328125 0.0234375 0.1
5 0.6890625 0.40703125 0.025 0.08203125
5 0.1765625 0.328125 0.021875 0.1
5 0.515625 0.39453125 0.021875 0.103125
5 0.54921875 0.52109375 0.0265625 0.125
5 0.5953125 0.37109375 0.01875 0.07890625
5 0.334375 0.2875 0.01875 0.046875
5 0.70234375 0.365625 0.0203125 0.08203125
4 0.70234375 0.365625 0.0203125 0.07890625