5 0.37890625 0.425 0.0265625 0.08359375
5 0.290625 0.40859375 0.021875 0.0765625
5 0.03125 0.39296875 0.028125 0.09296875
5 0.303125 0.65390625 0.021875 0.09140625
5 0.40703125 0.30390625 0.0171875 0.06640625
5 0.78203125 0.540625 0.0265625 0.08359375
5 0.2359375 0.284375 0.015625 0.07109375
5 0.7484375 0.503125 0.021875 0.09140625
5 0.4390625 0.515625 0.021875 0.08046875
6 0.37890625 0.425 0.0265625 0.084375
5 0.2234375 0.51953125 0.01875 0.0890625
5 0.61640625 0.2875 0.0140625 0.06640625
5 0.91171875 0.2765625 0.0140625 0.06953125
5 0.31640625 0.19453125 0.0140625 0.05859375
5 0.18203125 0.278125 0.0171875 0.07109375
5 0.2859375 0.88359375 0.0375 0.13359375
5 0.20546875 0.425 0.0203125 0.0890625
5 0.646875 0.1875 0.015625 0.0625
5 0.7328125 0.17890625 0.009375 0.053125
5 0.48671875 0.1109375 0.0109375 0.0515625
2 0.7484375 0.59453125 0.0125 0.01640625
2 0.63984375 0.2109375 0.0046875 0.0140625