5 0.8640625 0.61640625 0.01875 0.09609375
5 0.51640625 0.603125 0.0203125 0.09296875
5 0.81796875 0.715625 0.0234375 0.10390625
5 0.58359375 0.5515625 0.0171875 0.084375
5 0.67421875 0.7640625 0.0203125 0.103125
5 0.5609375 0.7375 0.034375 0.10859375
5 0.1953125 0.77890625 0.021875 0.1125
4 0.240625 0.5265625 0.021875 0.07109375
5 0.553125 0.578125 0.021875 0.090625
5 0.6203125 0.5390625 0.015625 0.0765625
5 0.67265625 0.51953125 0.0140625 0.075
5 0.6203125 0.60859375 0.01875 0.0875
5 0.86015625 0.4140625 0.0171875 0.059375
5 0.6375 0.54453125 0.015625 0.0765625
5 0.37578125 0.675 0.0171875 0.096875
6 0.86015625 0.415625 0.0171875 0.05859375
5 0.4546875 0.653125 0.028125 0.09296875