5 0.40546875 0.50390625 0.0296875 0.090625
5 0.2671875 0.459375 0.021875 0.09140625
5 0.6453125 0.33046875 0.015625 0.075
5 0.44296875 0.725 0.0328125 0.103125
5 0.903125 0.340625 0.01875 0.08046875
5 0.75 0.5109375 0.034375 0.0890625
5 0.56640625 0.1890625 0.0140625 0.0625
5 0.20859375 0.409375 0.0234375 0.09140625
5 0.44296875 0.303125 0.0171875 0.07890625
6 0.59609375 0.465625 0.0234375 0.09453125
5 0.40859375 0.284375 0.0203125 0.078125
5 0.39453125 0.72890625 0.0265625 0.1
5 0.5171875 0.66640625 0.040625 0.09453125
5 0.78125 0.10703125 0.009375 0.046875
5 0.3546875 0.7 0.021875 0.1140625
5 0.92265625 0.2015625 0.0171875 0.06796875
5 0.96875 0.79453125 0.034375 0.14296875
5 0.9 0.671875 0.025 0.1140625
4 0.13125 0.17890625 0.015625 0.06953125
5 0.56875 0.71953125 0.0375 0.10546875
6 0.63359375 0.07109375 0.0078125 0.04140625
2 0.91484375 0.23046875 0.0078125 0.015625
5 0.13125 0.17890625 0.015625 0.06640625