5 0.51015625 0.490625 0.0171875 0.0765625
6 0.55546875 0.440625 0.0171875 0.065625
5 0.90859375 0.5125 0.0265625 0.0765625
5 0.78125 0.4375 0.01875 0.06796875
5 0.30234375 0.465625 0.0140625 0.06640625
5 0.09921875 0.70546875 0.0203125 0.103125
5 0.86015625 0.63203125 0.0234375 0.08359375
5 0.096875 0.54609375 0.01875 0.08203125
5 0.95 0.659375 0.021875 0.09140625
5 0.815625 0.45859375 0.0125 0.06640625
5 0.64296875 0.4515625 0.0109375 0.06640625
5 0.27421875 0.57109375 0.0171875 0.09296875
5 0.09609375 0.4625 0.0140625 0.06640625
5 0.478125 0.38359375 0.0125 0.040625
5 0.3953125 0.41953125 0.015625 0.0625
5 0.4265625 0.38046875 0.0125 0.05
5 0.5015625 0.390625 0.009375 0.04453125
5 0.60234375 0.375 0.0140625 0.046875
5 0.584375 0.40703125 0.009375 0.05703125
5 0.37421875 0.39453125 0.0109375 0.046875
6 0.1234375 0.384375 0.0125 0.05859375
5 0.1234375 0.38359375 0.0125 0.05546875
2 0.8171875 0.484375 0.00625 0.01953125