5 0.58984375 0.48359375 0.0140625 0.05546875
5 0.83203125 0.68359375 0.0171875 0.09140625
5 0.16796875 0.8890625 0.0234375 0.1125
5 0.86953125 0.56640625 0.0203125 0.0765625
5 0.36953125 0.65703125 0.0140625 0.078125
4 0.3875 0.4890625 0.01875 0.05703125
5 0.46953125 0.5515625 0.0140625 0.06640625
5 0.45859375 0.51953125 0.0140625 0.059375
5 0.475 0.625 0.025 0.07890625
6 0.79609375 0.3875 0.0140625 0.04296875
5 0.55859375 0.509375 0.0203125 0.06796875
5 0.76875 0.90390625 0.025 0.115625
2 0.628125 0.42890625 0.00625 0.0125
5 0.53203125 0.490625 0.0171875 0.05703125
5 0.5203125 0.515625 0.025 0.059375
5 0.4890625 0.51953125 0.015625 0.05703125
5 0.534375 0.54140625 0.015625 0.05390625