5 0.41015625 0.49609375 0.0296875 0.0875
5 0.16953125 0.478125 0.0234375 0.0875
5 0.44140625 0.21640625 0.0171875 0.05859375
5 0.8796875 0.275 0.01875 0.0640625
5 0.53671875 0.575 0.0296875 0.08359375
5 0.5484375 0.28203125 0.0125 0.0640625
5 0.3671875 0.35390625 0.021875 0.0765625
5 0.5171875 0.3140625 0.015625 0.075
5 0.07890625 0.54140625 0.0203125 0.103125
5 0.2578125 0.33203125 0.015625 0.08046875
5 0.4578125 0.62890625 0.028125 0.103125
5 0.40625 0.2625 0.015625 0.06953125
5 0.79921875 0.715625 0.0265625 0.11796875
5 0.334375 0.40546875 0.015625 0.075
5 0.83828125 0.2765625 0.0234375 0.071875
4 0.1359375 0.2140625 0.021875 0.06640625
5 0.44921875 0.3390625 0.0140625 0.08046875
5 0.690625 0.75390625 0.03125 0.11953125
6 0.62578125 0.4 0.0203125 0.084375
5 0.84921875 0.471875 0.0296875 0.09296875
5 0.35625 0.85859375 0.0375 0.140625
2 0.50234375 0.671875 0.0078125 0.01640625
5 0.3875 0.2484375 0.015625 0.0640625
6 0.5921875 0.10390625 0.0125 0.04140625