5 0.6390625 0.56796875 0.021875 0.053125
5 0.63125 0.80390625 0.025 0.0890625
4 0.19609375 0.55390625 0.0171875 0.05859375
5 0.71015625 0.6265625 0.0234375 0.05546875
5 0.78359375 0.6265625 0.0171875 0.059375
5 0.8078125 0.5375 0.0125 0.0640625
5 0.4328125 0.6265625 0.015625 0.0640625
5 0.965625 0.575 0.01875 0.05546875
5 0.46015625 0.57890625 0.0140625 0.0625
5 0.56015625 0.525 0.0109375 0.05390625
5 0.91328125 0.8015625 0.0203125 0.0890625
5 0.828125 0.56640625 0.01875 0.0515625
5 0.53984375 0.540625 0.0109375 0.05703125
5 0.6359375 0.48359375 0.009375 0.04296875
5 0.51328125 0.5765625 0.0140625 0.059375
6 0.6640625 0.4625 0.009375 0.0390625
5 0.4484375 0.63046875 0.015625 0.065625
5 0.52890625 0.575 0.0171875 0.059375
5 0.79296875 0.596875 0.0140625 0.05
5 0.59140625 0.58203125 0.0171875 0.059375