5 0.946875 0.540625 0.028125 0.0875
5 0.0921875 0.8484375 0.03125 0.134375
5 0.7328125 0.603125 0.028125 0.09296875
5 0.50234375 0.7375 0.0390625 0.1015625
5 0.0734375 0.4125 0.015625 0.07109375
5 0.8046875 0.39140625 0.021875 0.07109375
5 0.7484375 0.44453125 0.028125 0.065625
5 0.21796875 0.47890625 0.0234375 0.0765625
5 0.5734375 0.3875 0.015625 0.0640625
5 0.31484375 0.93203125 0.0390625 0.13046875
6 0.45703125 0.43203125 0.0140625 0.065625
5 0.39921875 0.35703125 0.0109375 0.05859375
5 0.42109375 0.390625 0.0140625 0.0625
5 0.63125 0.359375 0.015625 0.0625
5 0.015625 0.434375 0.0125 0.0765625
5 0.09296875 0.3375 0.0140625 0.05859375
6 0.07421875 0.28046875 0.0140625 0.04609375
5 0.5734375 0.31953125 0.0125 0.053125
5 0.06484375 0.53203125 0.0171875 0.08359375
5 0.2796875 0.2875 0.0125 0.0515625