5 0.6859375 0.59140625 0.01875 0.05703125
5 0.17265625 0.68359375 0.0140625 0.06953125
5 0.9046875 0.7875 0.021875 0.090625
5 0.66796875 0.70703125 0.0171875 0.071875
5 0.2546875 0.6390625 0.015625 0.07109375
5 0.5609375 0.709375 0.01875 0.071875
5 0.96875 0.696875 0.01875 0.08046875
5 0.5921875 0.471875 0.009375 0.04609375
5 0.390625 0.63046875 0.0125 0.06796875
5 0.83125 0.696875 0.015625 0.06640625
5 0.2875 0.75859375 0.015625 0.08046875
5 0.51171875 0.5390625 0.0109375 0.05
5 0.6609375 0.48046875 0.009375 0.04609375
5 0.42109375 0.51640625 0.0109375 0.05390625
5 0.4109375 0.61796875 0.015625 0.05859375
5 0.63671875 0.54609375 0.0140625 0.0515625
5 0.66875 0.575 0.0125 0.05703125
5 0.81015625 0.55859375 0.0140625 0.053125
2 0.82109375 0.71953125 0.0078125 0.021875
5 0.44296875 0.4109375 0.0109375 0.04453125
5 0.43203125 0.5125 0.0109375 0.053125
5 0.853125 0.853125 0.021875 0.0640625