5 0.59296875 0.75390625 0.0234375 0.0890625
5 0.228125 0.52890625 0.0125 0.0640625
5 0.146875 0.840625 0.025 0.10390625
5 0.06171875 0.690625 0.0171875 0.0875
6 0.53359375 0.584375 0.0140625 0.065625
5 0.91796875 0.715625 0.0265625 0.084375
5 0.08984375 0.7484375 0.0171875 0.0890625
5 0.36171875 0.5515625 0.0109375 0.059375
5 0.2671875 0.67890625 0.015625 0.078125
5 0.41171875 0.45546875 0.0109375 0.053125
5 0.75078125 0.55390625 0.0171875 0.0640625
5 0.27265625 0.50546875 0.0109375 0.05859375
5 0.7078125 0.753125 0.015625 0.1
5 0.509375 0.45859375 0.009375 0.05
5 0.5671875 0.534375 0.015625 0.0640625
5 0.2890625 0.67109375 0.01875 0.078125
5 0.50703125 0.75859375 0.0140625 0.084375
5 0.9078125 0.97109375 0.028125 0.05546875
6 0.26875 0.38203125 0.0125 0.04453125
5 0.62421875 0.584375 0.0203125 0.065625
5 0.68671875 0.7359375 0.0203125 0.0765625
2 0.634375 0.5375 0.009375 0.0265625
5 0.634375 0.5390625 0.009375 0.028125